INLINE-       1   1012    607582.30110   8149462.73315       745.15581 Bjaaland_West_1 1
INLINE-       1    960    607731.92754   8149395.92596       887.63799 Bjaaland_West_1 1
INLINE-       1    871    607986.31887   8149282.34197      1071.67989 Bjaaland_West_1 1
INLINE-       1   1004    607733.98533   8149737.24155       682.32492 Bjaaland_West_1 2
INLINE-       1    944    607903.66749   8149661.47955       828.33303 Bjaaland_West_1 2
INLINE-       1    864    608134.04467   8149558.61762      1012.37493 Bjaaland_West_1 2
INLINE-       1    835    608214.79543   8149522.56292      1069.88802 Bjaaland_West_1 2
INLINE-       1    998    607877.48848   8150015.40238       663.77045 Bjaaland_West_1 3
INLINE-       1    963    607978.55893   8149970.27520       766.42698 Bjaaland_West_1 3
INLINE-       1    926    608083.58775   8149923.38064       866.36682 Bjaaland_West_1 3
INLINE-       1    865    608257.49226   8149845.73362       991.16156 Bjaaland_West_1 3
INLINE-       1    821    608382.57683   8149789.88432      1071.67989 Bjaaland_West_1 3
INLINE-       1    991    608025.21271   8150291.67476       673.48120 Bjaaland_West_1 4
INLINE-       1    933    608190.93652   8150217.68021       807.06186 Bjaaland_West_1 4
INLINE-       1    864    608388.85508   8150129.31091       997.34638 Bjaaland_West_1 4
INLINE-       1    832    608477.78649   8150089.60364      1066.36209 Bjaaland_West_1 4
INLINE-       1    994    608144.70218   8150580.55789       660.18672 Bjaaland_West_1 5
INLINE-       1    944    608286.14796   8150517.40325       780.53070 Bjaaland_West_1 5
INLINE-       1    899    608415.19084   8150459.78643       902.66654 Bjaaland_West_1 5
INLINE-       1    855    608540.53925   8150403.81917      1007.92417 Bjaaland_West_1 5
INLINE-       1    825    608625.51227   8150365.87926      1065.43726 Bjaaland_West_1 5
INLINE-       1    994    608272.10912   8150865.90812       662.84561 Bjaaland_West_1 6
INLINE-       1    942    608421.47166   8150799.21877       792.03331 Bjaaland_West_1 6
INLINE-       1    889    608571.09810   8150732.41158       926.53881 Bjaaland_West_1 6
INLINE-       1    823    608760.83603   8150647.69489      1068.96319 Bjaaland_West_1 6
INLINE-       1    977    608447.80745   8151129.69436       670.82230 Bjaaland_West_1 7
INLINE-       1    926    608593.47549   8151064.65451       805.32780 Bjaaland_West_1 7
INLINE-       1    876    608734.65738   8151001.61770       938.90846 Bjaaland_West_1 7
INLINE-       1    815    608908.56180   8150923.97049      1072.54692 Bjaaland_West_1 7
INLINE-       1    964    608611.63192   8151398.78553       662.84561 Bjaaland_West_1 8
INLINE-       1    907    608773.39733   8151326.55831       817.69745 Bjaaland_West_1 8
INLINE-       1    842    608959.17687   8151243.60894       991.10376 Bjaaland_West_1 8
INLINE-       1    803    609072.38627   8151193.06167      1071.62209 Bjaaland_West_1 8
INLINE-       1    943    608799.73389   8151657.03588       666.42934 Bjaaland_West_1 9
INLINE-       1    906    608904.76268   8151610.14124       781.45553 Bjaaland_West_1 9
INLINE-       1    832    609114.82025   8151516.35197       963.70556 Bjaaland_West_1 9
INLINE-       1    776    609276.58569   8151444.12480      1064.57023 Bjaaland_West_1 9
INLINE-       1    876    609116.87808   8151857.66739       815.96338 Bjaaland_West_1 10
INLINE-       1    820    609278.64350   8151785.44017       892.89798 Bjaaland_West_1 10
INLINE-       1    730    609533.29868   8151671.73826      1071.62209 Bjaaland_West_1 10
