INLINE-       1   1322    601022.32282   8156911.76305       634.87829 Hanssen_E_-_W_1 1
INLINE-       1   1282    600971.77561   8156798.55362       759.61523 Hanssen_E_-_W_1 1
INLINE-       1   1174    600834.62652   8156491.38399      1054.29035 Hanssen_E_-_W_1 1
INLINE-       1   1138    600787.73191   8156386.35520      1126.83199 Hanssen_E_-_W_1 1
INLINE-       1   1340    601331.11980   8156836.87062       640.19608 Hanssen_E_-_W_1 2
INLINE-       1   1292    601269.73254   8156699.38322       792.38902 Hanssen_E_-_W_1 2
INLINE-       1   1224    601183.13056   8156505.42306       971.11312 Hanssen_E_-_W_1 2
INLINE-       1   1153    601092.99380   8156303.54617      1087.00634 Hanssen_E_-_W_1 2
INLINE-       1   1122    601053.28649   8156214.61478      1124.17309 Hanssen_E_-_W_1 2
INLINE-       1   1373    601657.94337   8156802.35411       650.77387 Hanssen_E_-_W_1 3
INLINE-       1   1325    601596.55620   8156664.86667       782.62046 Hanssen_E_-_W_1 3
INLINE-       1   1291    601553.31418   8156568.01852       887.93590 Hanssen_E_-_W_1 3
INLINE-       1   1254    601506.41956   8156462.98972      1015.33173 Hanssen_E_-_W_1 3
INLINE-       1   1200    601437.84502   8156309.40491      1122.38123 Hanssen_E_-_W_1 3
INLINE-       1   1415    601997.37515   8156796.07340       645.51388 Hanssen_E_-_W_1 4
INLINE-       1   1371    601941.52571   8156670.98889       767.59192 Hanssen_E_-_W_1 4
INLINE-       1   1320    601876.60368   8156525.58475       884.40997 Hanssen_E_-_W_1 4
INLINE-       1   1254    601791.76908   8156335.58296      1049.83959 Hanssen_E_-_W_1 4
INLINE-       1   1214    601741.22180   8156222.37357      1121.51419 Hanssen_E_-_W_1 4
INLINE-       1   1422    602291.79887   8156688.98556       645.51388 Hanssen_E_-_W_1 5
INLINE-       1   1390    602250.32418   8156596.09580       758.74820 Hanssen_E_-_W_1 5
INLINE-       1   1326    602169.14218   8156414.27465       921.57672 Hanssen_E_-_W_1 5
INLINE-       1   1274    602102.33494   8156264.64824      1033.01917 Hanssen_E_-_W_1 5
INLINE-       1   1223    602037.41290   8156119.24410      1120.64716 Hanssen_E_-_W_1 5
INLINE-       1   1436    602595.16972   8156601.95752       652.56573 Hanssen_E_-_W_1 6
INLINE-       1   1397    602544.62266   8156488.74803       779.96157 Hanssen_E_-_W_1 6
INLINE-       1   1340    602472.51356   8156327.24637       927.76155 Hanssen_E_-_W_1 6
INLINE-       1   1276    602391.33192   8156145.42507      1064.86813 Hanssen_E_-_W_1 6
INLINE-       1   1244    602349.85740   8156052.53523      1123.30606 Hanssen_E_-_W_1 6
INLINE-       1   1460    602911.15137   8156543.16368       650.77387 Hanssen_E_-_W_1 7
INLINE-       1   1410    602846.22934   8156397.75953       784.41233 Hanssen_E_-_W_1 7
INLINE-       1   1357    602779.53992   8156248.39702       914.46706 Hanssen_E_-_W_1 7
INLINE-       1   1313    602723.57265   8156123.04862      1025.96732 Hanssen_E_-_W_1 7
INLINE-       1   1262    602658.65062   8155977.64447      1116.19640 Hanssen_E_-_W_1 7
INLINE-       1   1458    603192.96534   8156407.84073       664.93538 Hanssen_E_-_W_1 8
INLINE-       1   1428    603155.02547   8156322.86769       787.07123 Hanssen_E_-_W_1 8
INLINE-       1   1395    603113.55083   8156229.97790       894.98775 Hanssen_E_-_W_1 8
INLINE-       1   1340    603043.20891   8156072.43471      1020.64952 Hanssen_E_-_W_1 8
INLINE-       1   1288    602976.40175   8155922.80827      1110.87861 Hanssen_E_-_W_1 8
