INLINE-       1   1203    601726.99493   8156190.51003       887.01395 Hanssen_E-W_4 1
INLINE-       1   1183    601702.10422   8156134.76297       957.82153 Hanssen_E-W_4 1
INLINE-       1   1210    602021.33028   8156083.22427       874.87551 Hanssen_E-W_4 2
INLINE-       1   1175    601976.26190   8155982.28582       956.66549 Hanssen_E-W_4 2
INLINE-       1   1244    602349.53398   8156051.81087       828.41707 Hanssen_E-W_4 3
INLINE-       1   1198    602290.91589   8155920.52480       966.63635 Hanssen_E-W_4 3
INLINE-       1   1148    602227.73206   8155779.01293      1094.95702 Hanssen_E-W_4 3
INLINE-       1   1244    602634.87986   8155924.40574       794.09707 Hanssen_E-W_4 4
INLINE-       1   1210    602592.02072   8155828.41525       896.98482 Hanssen_E-W_4 4
INLINE-       1   1164    602533.40237   8155697.12929      1018.58599 Hanssen_E-W_4 4
INLINE-       1   1114    602470.21826   8155555.61754      1115.98253 Hanssen_E-W_4 4
INLINE-       1   1214    602881.93562   8155711.23465       818.44621 Hanssen_E-W_4 5
INLINE-       1   1187    602848.06074   8155635.36586       900.30844 Hanssen_E-W_4 5
INLINE-       1   1146    602796.21744   8155519.25362       998.71652 Hanssen_E-W_4 5
INLINE-       1   1113    602753.35835   8155423.26311      1065.04443 Hanssen_E-W_4 5
