INLINE-       1   3171    602824.86282   8155351.47570       686.37996 Hanssen_N-S_2 1
INLINE-       1   3128    602945.98902   8155297.39378       779.26794 Hanssen_N-S_2 1
INLINE-       1   3076    603095.61550   8155230.58671       893.42710 Hanssen_N-S_2 1
INLINE-       1   3016    603265.29774   8155154.82490      1018.16403 Hanssen_N-S_2 1
INLINE-       1   2973    603390.38231   8155098.97560      1100.47423 Hanssen_N-S_2 1
INLINE-       1   3186    602907.67160   8155656.73709       690.77292 Hanssen_N-S_2 2
INLINE-       1   3141    603036.97837   8155599.00244       775.74201 Hanssen_N-S_2 2
INLINE-       1   3100    603154.14614   8155546.68778       880.13261 Hanssen_N-S_2 2
INLINE-       1   3046    603307.73093   8155478.11316       994.29177 Hanssen_N-S_2 2
INLINE-       1   2987    603477.41308   8155402.35117      1110.18498 Hanssen_N-S_2 2
INLINE-       1   3222    602934.00750   8155987.21236       662.50769 Hanssen_N-S_2 3
INLINE-       1   3175    603067.53656   8155927.59254       782.79387 Hanssen_N-S_2 3
INLINE-       1   3106    603265.45512   8155839.22325       929.72682 Hanssen_N-S_2 3
INLINE-       1   3022    603503.74907   8155732.82663      1044.69520 Hanssen_N-S_2 3
INLINE-       1   2965    603665.51451   8155660.59946      1110.18498 Hanssen_N-S_2 3
INLINE-       1   3250    602980.66409   8156308.61821       704.06741 Hanssen_N-S_2 4
INLINE-       1   3201    603122.10989   8156245.46362       813.77580 Hanssen_N-S_2 4
INLINE-       1   3134    603312.11171   8156160.62910       922.61716 Hanssen_N-S_2 4
INLINE-       1   3067    603501.84964   8156075.91241      1019.95590 Hanssen_N-S_2 4
INLINE-       1   2991    603720.08784   8155978.47054      1107.52609 Hanssen_N-S_2 4
INLINE-       1   3135    602798.26284   8155021.11480       766.89829 Hanssen_N-S_2 5
INLINE-       1   3093    602919.65293   8154966.91506       877.47372 Hanssen_N-S_2 5
INLINE-       1   3028    603105.43255   8154883.96589      1018.16403 Hanssen_N-S_2 5
INLINE-       1   2977    603250.83677   8154819.04403      1095.15644 Hanssen_N-S_2 5
