INLINE-       1    436    607883.56069   8150816.84373       745.45371 WC_E-W_4 1
INLINE-       1    405    607843.97122   8150728.17623       860.47990 WC_E-W_4 1
INLINE-       1    344    607766.32399   8150554.27182       988.74276 WC_E-W_4 1
INLINE-       1    289    607695.98197   8150396.72867      1069.26109 WC_E-W_4 1
INLINE-       1    426    607585.60513   8150916.01332       720.71441 WC_E-W_4 2
INLINE-       1    398    607549.55048   8150835.26254       850.76914 WC_E-W_4 2
INLINE-       1    337    607471.90336   8150661.35808       990.59243 WC_E-W_4 2
INLINE-       1    287    607408.74880   8150519.91227      1065.79297 WC_E-W_4 2
INLINE-       1    419    607291.18135   8151023.10098       711.87069 WC_E-W_4 3
INLINE-       1    395    607260.54668   8150954.48921       816.26129 WC_E-W_4 3
INLINE-       1    345    607197.39212   8150813.04340       942.79009 WC_E-W_4 3
INLINE-       1    293    607130.70279   8150663.68084      1038.39477 WC_E-W_4 3
INLINE-       1    272    607103.60288   8150602.98581      1067.58483 WC_E-W_4 3
INLINE-       1    392    606971.54362   8151073.71575       703.89400 WC_E-W_4 4
INLINE-       1    372    606946.32889   8151017.24300       815.39426 WC_E-W_4 4
INLINE-       1    334    606897.66682   8150908.25587       943.71493 WC_E-W_4 4
INLINE-       1    275    606821.90481   8150738.57372      1068.45186 WC_E-W_4 4
INLINE-       1    304    606859.72690   8150823.28285      1012.73064 WC_E-W_4 4
INLINE-       1    398    606693.50067   8151217.48296       659.67539 WC_E-W_4 5
INLINE-       1    382    606673.70595   8151173.14920       733.08406 WC_E-W_4 5
INLINE-       1    345    606626.81134   8151068.12041       862.27176 WC_E-W_4 5
INLINE-       1    299    606567.19154   8150934.59134       981.74871 WC_E-W_4 5
INLINE-       1    256    606513.10956   8150813.46517      1067.58483 WC_E-W_4 5
INLINE-       1    374    606377.51549   8151276.27838       757.88116 WC_E-W_4 6
INLINE-       1    323    606312.59346   8151130.87424       921.57672 WC_E-W_4 6
INLINE-       1    284    606263.81357   8151021.62321      1013.59767 WC_E-W_4 6
INLINE-       1    256    606227.75887   8150940.87245      1065.79297 WC_E-W_4 6
