INLINE-       1    226    609328.54059   8149454.16537       831.28984 WC_E-W_3 1
INLINE-       1    163    609247.35870   8149272.34417      1027.70138 WC_E-W_3 1
INLINE-       1    242    609063.10241   8149626.17032       754.29743 WC_E-W_3 2
INLINE-       1    198    609007.13514   8149500.82192       926.83671 WC_E-W_3 2
INLINE-       1    137    608929.60575   8149327.18140      1058.68331 WC_E-W_3 2
INLINE-       1    245    608781.28929   8149761.49289       804.75867 WC_E-W_3 3
INLINE-       1    194    608716.36735   8149616.08871       948.05008 WC_E-W_3 3
INLINE-       1    140    608647.79281   8149462.50389      1055.15738 WC_E-W_3 3
INLINE-       1    243    608494.17953   8149884.93809       792.33122 WC_E-W_3 4
INLINE-       1    201    608440.09747   8149763.81195       929.49561 WC_E-W_3 4
INLINE-       1    127    608346.30811   8149553.75442      1065.73517 WC_E-W_3 4
INLINE-       1    245    608210.59579   8150016.30394       709.15399 WC_E-W_3 5
INLINE-       1    194    608145.67376   8149870.89979       913.60003 WC_E-W_3 5
INLINE-       1    147    608086.17171   8149737.63465      1062.20924 WC_E-W_3 5
INLINE-       1    239    607918.06053   8150127.61239       672.04504 WC_E-W_3 6
INLINE-       1    221    607894.61322   8150075.09799       766.66708 WC_E-W_3 6
INLINE-       1    164    607822.50391   8149913.59643       948.05008 WC_E-W_3 6
INLINE-       1    113    607757.58197   8149768.19225      1054.23255 WC_E-W_3 6
INLINE-       1    232    607623.75504   8150234.96394       661.40945 WC_E-W_3 7
INLINE-       1    199    607582.28035   8150142.07418       801.17494 WC_E-W_3 7
INLINE-       1    140    607506.40052   8149972.12814       970.18829 WC_E-W_3 7
INLINE-       1    103    607459.50584   8149867.09937      1057.81628 WC_E-W_3 7
INLINE-       1    243    607352.78190   8150394.56451       665.80241 WC_E-W_3 8
INLINE-       1    221    607323.91462   8150329.91111       762.27412 WC_E-W_3 8
INLINE-       1    175    607266.18004   8150200.60431       910.01630 WC_E-W_3 8
INLINE-       1    119    607194.07072   8150039.10275      1061.34221 WC_E-W_3 8
INLINE-       1    228    607047.63599   8150477.63806       661.40945 WC_E-W_3 9
INLINE-       1    198    607009.69612   8150392.66501       805.62570 WC_E-W_3 9
INLINE-       1    132    606924.97946   8150202.92707       988.80057 WC_E-W_3 9
INLINE-       1     89    606870.77966   8150081.53701      1064.00110 WC_E-W_3 9
INLINE-       1    221    606753.21266   8150584.72573       656.95869 WC_E-W_3 10
INLINE-       1    195    606720.81055   8150512.15560       793.25605 WC_E-W_3 10
INLINE-       1    147    606659.42330   8150374.66820       987.00870 WC_E-W_3 10
INLINE-       1    119    606623.36859   8150293.91744      1071.05296 WC_E-W_3 10
INLINE-       1    218    606464.33004   8150704.21479       630.42753 WC_E-W_3 11
INLINE-       1    185    606422.73757   8150611.06112       781.75343 WC_E-W_3 11
INLINE-       1    132    606354.28086   8150457.74019       935.68043 WC_E-W_3 11
INLINE-       1     72    606278.40112   8150287.79411      1071.05296 WC_E-W_3 11
INLINE-       1    202    606159.06671   8150787.02446       665.80241 WC_E-W_3 12
INLINE-       1    164    606110.40464   8150678.03733       829.49797 WC_E-W_3 12
INLINE-       1    123    606058.08998   8150560.86956       971.05532 WC_E-W_3 12
INLINE-       1     86    606011.19530   8150455.84080      1065.73517 WC_E-W_3 12
INLINE-       1    209    605882.79651   8150934.74785       652.56573 WC_E-W_3 13
INLINE-       1    181    605846.62398   8150853.73320       796.78198 WC_E-W_3 13
INLINE-       1    126    605776.28196   8150696.19006       965.79533 WC_E-W_3 13
INLINE-       1     90    605731.27249   8150595.38355      1033.01917 WC_E-W_3 13
INLINE-       1    221    605611.82341   8151094.34841       647.24794 WC_E-W_3 14
INLINE-       1    181    605561.27620   8150981.13898       780.82860 WC_E-W_3 14
INLINE-       1    134    605501.77423   8150847.87381       911.80816 WC_E-W_3 14
INLINE-       1     80    605433.19969   8150694.28899      1045.38882 WC_E-W_3 14
INLINE-       1     65    605413.40498   8150649.95523      1078.16262 WC_E-W_3 14
INLINE-       1    202    605303.02531   8151169.24134       695.05028 WC_E-W_3 15
INLINE-       1    153    605239.87067   8151027.79556       856.08694 WC_E-W_3 15
INLINE-       1     88    605156.92129   8150842.01604      1005.56318 WC_E-W_3 15
INLINE-       1     52    605111.79399   8150740.94565      1068.39406 WC_E-W_3 15
