INLINE-       1   1079    610129.29250   8152014.08784       785.77644 WC_E-W_2 1
INLINE-       1   1050    610093.20834   8151933.27111       949.50090 WC_E-W_2 1
INLINE-       1   1004    610034.58999   8151801.98515      1071.10207 WC_E-W_2 1
INLINE-       1   1114    609889.01151   8152242.43277       744.88145 WC_E-W_2 2
INLINE-       1   1084    609850.71817   8152156.66805       883.10073 WC_E-W_2 2
INLINE-       1   1027    609778.54995   8151995.03455      1022.47605 WC_E-W_2 2
INLINE-       1    990    609731.12511   8151888.81824      1079.98914 WC_E-W_2 2
INLINE-       1   1128    609621.63905   8152410.07912       671.83404 WC_E-W_2 3
INLINE-       1   1077    609556.24571   8152263.61941       849.93677 WC_E-W_2 3
INLINE-       1   1031    609497.62736   8152132.33345      1001.45054 WC_E-W_2 3
INLINE-       1    997    609454.76822   8152036.34297      1071.10207 WC_E-W_2 3
INLINE-       1   1130    609338.64444   8152542.76442       633.17889 WC_E-W_2 4
INLINE-       1   1109    609311.54450   8152482.06940       776.96162 WC_E-W_2 4
INLINE-       1   1061    609250.71691   8152345.83549       937.29020 WC_E-W_2 4
INLINE-       1    981    609149.23942   8152118.55905      1072.25811 WC_E-W_2 4
INLINE-       1   1135    609060.07002   8152685.34467       651.96457 WC_E-W_2 5
INLINE-       1   1109    609026.19514   8152609.47589       769.15834 WC_E-W_2 5
INLINE-       1   1054    608956.23615   8152452.79035       932.88279 WC_E-W_2 5
INLINE-       1    994    608879.64946   8152281.26091      1066.69466 WC_E-W_2 5
INLINE-       1   1137    608776.93005   8152817.69926       639.75388 WC_E-W_2 6
INLINE-       1   1111    608743.05512   8152741.83049       773.63800 WC_E-W_2 6
INLINE-       1   1059    608677.66179   8152595.37078       933.96658 WC_E-W_2 6
INLINE-       1   1003    608605.49347   8152433.73732      1077.74931 WC_E-W_2 6
INLINE-       1   1150    608507.33983   8152980.40124       641.99371 WC_E-W_2 7
INLINE-       1   1125    608475.82146   8152909.81028       773.63800 WC_E-W_2 7
INLINE-       1   1040    608367.56913   8152667.36002       982.66485 WC_E-W_2 7
INLINE-       1    989    608302.17588   8152520.90027      1073.34190 WC_E-W_2 7
INLINE-       1   1160    608235.53858   8153138.15606       636.43026 WC_E-W_2 8
INLINE-       1   1134    608201.66370   8153062.28727       762.58335 WC_E-W_2 8
INLINE-       1   1081    608134.06122   8152910.87956       911.85728 WC_E-W_2 8
INLINE-       1   1022    608059.68376   8152744.29809      1033.53070 WC_E-W_2 8
INLINE-       1    989    608016.82468   8152648.30758      1078.83310 WC_E-W_2 8
INLINE-       1   1171    607963.73938   8153295.91017       623.20803 WC_E-W_2 9
INLINE-       1   1155    607943.41443   8153250.38891       723.85594 WC_E-W_2 9
INLINE-       1   1100    607873.45534   8153093.70341       889.74797 WC_E-W_2 9
INLINE-       1   1010    607758.57516   8152836.40932      1078.83310 WC_E-W_2 9
INLINE-       1   1192    607705.34270   8153483.68220       625.44786 WC_E-W_2 10
INLINE-       1   1176    607685.16505   8153438.49079       723.85594 WC_E-W_2 10
INLINE-       1   1112    607603.86534   8153256.40570       890.83176 WC_E-W_2 10
INLINE-       1   1042    607513.72870   8153054.52875      1032.44691 WC_E-W_2 10
INLINE-       1   1006    607468.66038   8152953.59028      1083.31276 WC_E-W_2 10
INLINE-       1   1169    607390.68441   8153545.44580       643.14975 WC_E-W_2 11
INLINE-       1   1153    607370.50674   8153500.25440       740.47404 WC_E-W_2 11
INLINE-       1   1114    607320.87261   8153389.09016       876.45349 WC_E-W_2 11
INLINE-       1   1038    607223.81358   8153171.70965      1081.07293 WC_E-W_2 11
INLINE-       1   1165    607100.92315   8153662.95363       635.34647 WC_E-W_2 12
INLINE-       1   1137    607064.83899   8153582.13689       760.34351 WC_E-W_2 12
INLINE-       1   1086    606999.44566   8153435.67718       917.42073 WC_E-W_2 12
INLINE-       1   1020    606915.93660   8153248.64418      1086.63639 WC_E-W_2 12
INLINE-       1   1174    606826.76707   8153815.42967       659.76786 WC_E-W_2 13
INLINE-       1   1162    606811.00788   8153780.13419       750.44490 WC_E-W_2 13
INLINE-       1   1118    606754.59884   8153653.79616       877.60953 WC_E-W_2 13
INLINE-       1   1038    606653.12148   8153426.51966      1021.39226 WC_E-W_2 13
INLINE-       1    992    606594.50321   8153295.23367      1094.43967 WC_E-W_2 13
INLINE-       1   1173    606539.20869   8153937.88829       646.47337 WC_E-W_2 14
INLINE-       1   1146    606505.33376   8153862.01952       760.41577 WC_E-W_2 14
INLINE-       1   1095    606439.94043   8153715.55982       900.87488 WC_E-W_2 14
INLINE-       1   1031    606358.78789   8153533.80464      1029.19555 WC_E-W_2 14
INLINE-       1    997    606315.92875   8153437.81415      1084.46881 WC_E-W_2 14
INLINE-       1   1157    606233.68158   8154020.10341       634.26268 WC_E-W_2 15
INLINE-       1   1130    606199.80670   8153944.23463       745.96524 WC_E-W_2 15
INLINE-       1   1063    606114.08852   8153752.25360       946.17728 WC_E-W_2 15
INLINE-       1    992    606023.95189   8153550.37666      1091.04380 WC_E-W_2 15
INLINE-       1   1162    605954.95807   8154162.35461       643.14975 WC_E-W_2 16
INLINE-       1   1130    605914.45550   8154071.64193       753.76853 WC_E-W_2 16
INLINE-       1   1077    605846.85302   8153920.23422       903.04246 WC_E-W_2 16
INLINE-       1   1017    605770.11905   8153748.37492      1043.50157 WC_E-W_2 16
INLINE-       1    987    605731.82571   8153662.61020      1095.52346 WC_E-W_2 16
INLINE-       1   1169    605678.74041   8154310.21279       638.74234 WC_E-W_2 17
INLINE-       1   1141    605642.65625   8154229.39606       748.20507 WC_E-W_2 17
INLINE-       1   1081    605565.92218   8154057.53681       908.60591 WC_E-W_2 17
INLINE-       1    980    605437.34475   8153769.56535      1097.69104 WC_E-W_2 17
INLINE-       1   1197    605429.32771   8154518.10604       644.23354 WC_E-W_2 18
INLINE-       1   1167    605391.03437   8154432.34132       760.34351 WC_E-W_2 18
INLINE-       1   1076    605275.27787   8154173.08418      1056.00231 WC_E-W_2 18
INLINE-       0      0    605343.62807   8154326.16654       892.90605 WC_E-W_2 18
INLINE-       1   1204    605153.10792   8154665.96476       752.61248 WC_E-W_2 19
INLINE-       1   1157    605092.13314   8154529.40094       868.72246 WC_E-W_2 19
INLINE-       1   1061    604970.55118   8154257.09665      1051.61127 WC_E-W_2 19
