INLINE-       1    109    604613.34765   8151157.58073       673.65194 WC_E-W_5 1
INLINE-       1     75    604570.48856   8151061.59022       780.94709 WC_E-W_5 1
INLINE-       1     36    604520.85450   8150950.42595       894.81724 WC_E-W_5 1
INLINE-       1      5    604480.35192   8150859.71327       983.32671 WC_E-W_5 1
INLINE-       0      0    604394.63375   8150667.73225      1105.00013 WC_E-W_5 1
INLINE-       1    111    604901.05544   8151035.45142       678.05935 WC_E-W_5 2
INLINE-       1     89    604873.95554   8150974.75639       770.97623 WC_E-W_5 2
INLINE-       1     51    604824.32147   8150863.59212       887.08621 WC_E-W_5 2
INLINE-       1      5    604765.70320   8150732.30613       997.70498 WC_E-W_5 2
INLINE-       1    111    605186.40303   8150908.04552       669.24453 WC_E-W_5 3
INLINE-       1     86    605154.73734   8150837.12472       765.41278 WC_E-W_5 3
INLINE-       1     54    605114.23471   8150746.41206       857.24587 WC_E-W_5 3
INLINE-       1      5    605051.05061   8150604.90031       980.00309 WC_E-W_5 3
INLINE-       1    120    605482.94749   8150805.70798       659.27367 WC_E-W_5 4
INLINE-       1     86    605440.08840   8150709.71747       787.52208 WC_E-W_5 4
INLINE-       1     40    605381.47013   8150578.43148       902.54827 WC_E-W_5 4
INLINE-       1      3    605334.19258   8150472.54504       980.00309 WC_E-W_5 4
INLINE-       1    111    605757.10164   8150653.23240       679.14314 WC_E-W_5 5
INLINE-       1     82    605721.01748   8150572.41567       782.03088 WC_E-W_5 5
INLINE-       1     51    605680.36757   8150481.37315       872.70793 WC_E-W_5 5
INLINE-       1      4    605621.74922   8150350.08719       983.32671 WC_E-W_5 5
INLINE-       1     84    606008.56950   8150449.95988       782.03088 WC_E-W_5 6
INLINE-       1     59    605977.05109   8150379.36894       859.41345 WC_E-W_5 6
INLINE-       1      6    605909.30124   8150227.63140       967.86464 WC_E-W_5 6
INLINE-       1     65    606269.17717   8150267.13543       816.27863 WC_E-W_5 7
INLINE-       1     19    606210.55890   8150135.84944       945.68309 WC_E-W_5 7
INLINE-       1      5    606192.44320   8150095.27614       976.67947 WC_E-W_5 7
INLINE-       1     31    606511.66554   8150043.73909       898.14086 WC_E-W_5 8
INLINE-       1      6    606479.99985   8149972.81828       998.78877 WC_E-W_5 8
