INLINE-       1   1329    604170.05069   8155530.20296       694.41446 WCW_E-W_2 1
INLINE-       1   1381    604236.85793   8155679.82937       848.34146 WCW_E-W_2 1
INLINE-       1   1442    604314.38733   8155853.46989       974.00323 WCW_E-W_2 1
INLINE-       1   1514    604406.40930   8156059.56905      1106.71686 WCW_E-W_2 1
INLINE-       1   1317    604441.02706   8155370.60074       664.29956 WCW_E-W_2 2
INLINE-       1   1368    604505.94909   8155516.00489       772.27389 WCW_E-W_2 2
INLINE-       1   1425    604578.17633   8155677.77029       878.45635 WCW_E-W_2 2
INLINE-       1   1492    604662.89310   8155867.50819       996.14143 WCW_E-W_2 2
INLINE-       1   1564    604754.91507   8156073.60735      1093.42237 WCW_E-W_2 2
INLINE-       1   1360    604780.45802   8155364.32060       690.83073 WCW_E-W_2 3
INLINE-       1   1424    604861.63991   8155546.14180       834.17994 WCW_E-W_2 3
INLINE-       1   1490    604946.47439   8155736.14364       976.66212 WCW_E-W_2 3
INLINE-       1   1517    604980.76166   8155812.93604      1025.33150 WCW_E-W_2 3
INLINE-       1   1417    605138.02984   8155398.68211       694.41446 WCW_E-W_2 4
INLINE-       1   1456    605188.45914   8155511.62768       911.17234 WCW_E-W_2 4
