INLINE-       1   1258    604080.03142   8155328.58920       666.09142 WCW_E-W_1 1
INLINE-       1   1299    604132.34608   8155445.75697       781.11761 WCW_E-W_1 1
INLINE-       1   1332    604173.82077   8155538.64673       888.16710 WCW_E-W_1 1
INLINE-       1   1374    604227.90283   8155659.77287       974.87026 WCW_E-W_1 1
INLINE-       1   1429    604298.24485   8155817.31601      1070.47494 WCW_E-W_1 1
INLINE-       1   1459    604336.18477   8155902.28904      1105.84982 WCW_E-W_1 1
INLINE-       1   1208    604302.22790   8155059.73595       649.27101 WCW_E-W_1 2
INLINE-       1   1247    604350.88997   8155168.72309       780.25058 WCW_E-W_1 2
INLINE-       1   1288    604403.20463   8155285.89086       888.16710 WCW_E-W_1 2
INLINE-       1   1332    604459.17190   8155411.23925       967.81840 WCW_E-W_1 2
INLINE-       1   1395    604540.35390   8155593.06041      1064.29011 WCW_E-W_1 2
INLINE-       1   1429    604583.59598   8155689.90854      1105.84982 WCW_E-W_1 2
INLINE-       1   1431    604585.48119   8155694.13080      1105.84982 WCW_E-W_1 2
INLINE-       1   1180    604551.40458   8154851.31489       715.62783 WCW_E-W_1 3
INLINE-       1   1203    604580.27187   8154915.96829       786.43540 WCW_E-W_1 3
INLINE-       1   1238    604625.39910   8155017.03871       871.40449 WCW_E-W_1 3
INLINE-       1   1276    604674.17893   8155126.28977       947.47206 WCW_E-W_1 3
INLINE-       1   1326    604737.21566   8155267.47168      1040.36004 WCW_E-W_1 3
INLINE-       1   1380    604805.79020   8155421.05650      1107.64169 WCW_E-W_1 3
