INLINE-       1   2508    605607.75329   8156504.58262       650.02244 WCW_N-S_3 1
INLINE-       1   2535    605530.96089   8156538.86990       741.17636 WCW_N-S_3 1
INLINE-       1   2587    605381.33445   8156605.67709       892.50226 WCW_N-S_3 1
INLINE-       1   2481    605557.13929   8156184.94655       669.50175 WCW_N-S_3 2
INLINE-       1   2531    605415.69351   8156248.10119       785.45277 WCW_N-S_3 2
INLINE-       1   2585    605262.10873   8156316.67581       894.23633 WCW_N-S_3 2
INLINE-       1   2651    605072.10694   8156401.51039      1023.42403 WCW_N-S_3 2
INLINE-       1   2691    604959.16143   8156451.93984      1100.41643 WCW_N-S_3 2
INLINE-       1   2478    605437.64928   8155896.06197       664.18396 WCW_N-S_3 3
INLINE-       1   2511    605344.75950   8155937.53662       780.13497 WCW_N-S_3 3
INLINE-       1   2573    605166.89669   8156016.95116       919.03343 WCW_N-S_3 3
INLINE-       1   2640    604977.15876   8156101.66785      1057.93188 WCW_N-S_3 3
INLINE-       1   2669    604892.18572   8156139.60774      1104.86719 WCW_N-S_3 3
INLINE-       1   2449    605395.21590   8155572.77328       665.97582 WCW_N-S_3 4
INLINE-       1   2488    605282.00650   8155623.32055       775.68421 WCW_N-S_3 4
INLINE-       1   2546    605116.28271   8155697.31516       915.50750 WCW_N-S_3 4
INLINE-       1   2611    604930.50319   8155780.26453      1059.72375 WCW_N-S_3 4
INLINE-       1   2643    604841.57179   8155819.97182      1109.26015 WCW_N-S_3 4
INLINE-       1   2328    605610.86800   8155134.25006       656.26507 WCW_N-S_3 5
INLINE-       1   2395    605421.13008   8155218.96675       830.59621 WCW_N-S_3 5
INLINE-       1   2425    605336.15704   8155256.90663       884.58337 WCW_N-S_3 5
INLINE-       1   2514    605081.76572   8155370.49063      1000.47659 WCW_N-S_3 5
INLINE-       1   2610    604807.05475   8155493.14720      1106.65905 WCW_N-S_3 5
INLINE-       1   2290    605592.71198   8154800.11890       694.35665 WCW_N-S_3 6
INLINE-       1   2327    605487.68319   8154847.01354       789.03650 WCW_N-S_3 6
INLINE-       1   2364    605382.65441   8154893.90818       894.29413 WCW_N-S_3 6
INLINE-       1   2454    605124.04082   8155009.37738      1096.02347 WCW_N-S_3 6
INLINE-       1   2275    605509.63924   8154494.97520       765.10643 WCW_N-S_3 7
INLINE-       1   2362    605259.20633   8154606.79190       970.41950 WCW_N-S_3 7
INLINE-       1   2420    605093.48254   8154680.78651      1084.52085 WCW_N-S_3 7
