INLINE-       1   2435    604923.23011   8154414.57086       721.12192 WCW_E-W_6 1
INLINE-       1   2478    604801.84001   8154468.77060       843.87913 WCW_E-W_6 1
INLINE-       1   2536    604635.25850   8154543.14797       967.72014 WCW_E-W_6 1
INLINE-       1   2595    604468.67698   8154617.52533      1068.36805 WCW_E-W_6 1
INLINE-       1   2618    604403.03397   8154646.83443      1097.12460 WCW_E-W_6 1
INLINE-       1   2326    605108.86457   8153989.44892       655.87779 WCW_E-W_6 2
INLINE-       1   2377    604962.40478   8154054.84209       758.69328 WCW_E-W_6 2
INLINE-       1   2435    604795.82327   8154129.21945       871.55189 WCW_E-W_6 2
INLINE-       1   2494    604629.24175   8154203.59681      1008.68738 WCW_E-W_6 2
INLINE-       1   2542    604492.67790   8154264.57152      1096.04081 WCW_E-W_6 2
INLINE-       1   2345    604926.04312   8153728.84835       694.60520 WCW_E-W_6 3
INLINE-       1   2405    604754.51372   8153805.43513       840.55551 WCW_E-W_6 3
INLINE-       1   2465    604582.65446   8153882.16919       971.04376 WCW_E-W_6 3
INLINE-       1   2508    604461.59429   8153936.22178      1055.14582 WCW_E-W_6 3
INLINE-       1   2534    604385.72552   8153970.09670      1099.36443 WCW_E-W_6 3
INLINE-       1   2384    604687.47217   8153493.13276       703.42002 WCW_E-W_6 4
INLINE-       1   2439    604531.11650   8153562.94450       819.53000 WCW_E-W_6 4
INLINE-       1   2503    604349.36128   8153644.09697       957.82153 WCW_E-W_6 4
INLINE-       1   2589    604101.63321   8153754.70586      1091.63340 WCW_E-W_6 4
