INLINE-       1   2390    606197.97096   8156925.52200       704.87664 WCW_N-S_2 1
INLINE-       1   2464    605987.91335   8157019.31119       875.62405 WCW_N-S_2 1
INLINE-       1   2440    605929.11862   8156703.32666       664.12615 WCW_N-S_2 2
INLINE-       1   2522    605694.78296   8156807.95573       832.27247 WCW_N-S_2 2
INLINE-       1   2604    605460.44731   8156912.58479       985.33244 WCW_N-S_2 2
INLINE-       1   2668    605278.62606   8156993.76658      1101.22566 WCW_N-S_2 2
INLINE-       1   2473    605708.55990   8156459.57315       692.50699 WCW_N-S_2 3
INLINE-       1   2511    605599.57275   8156508.23517       803.08241 WCW_N-S_2 3
INLINE-       1   2589    605377.37618   8156607.44443       970.30389 WCW_N-S_2 3
INLINE-       1   2678    605122.72096   8156721.14625      1112.78608 WCW_N-S_2 3
INLINE-       1   2477    605569.01449   8156179.64435       751.75414 WCW_N-S_2 4
INLINE-       1   2539    605391.41560   8156258.94112       910.13190 WCW_N-S_2 4
INLINE-       1   2599    605221.73344   8156334.70311      1028.68402 WCW_N-S_2 4
INLINE-       1   2638    605108.52404   8156385.25039      1104.80939 WCW_N-S_2 4
