INLINE-       1   2187    607034.39966   8157236.53105       661.52506 WCW_N-S_1 1
INLINE-       1   2249    606856.80073   8157315.82776       796.03055 WCW_N-S_1 1
INLINE-       1   2333    606618.24289   8157422.34221       961.46017 WCW_N-S_1 1
INLINE-       1   2415    606383.90732   8157526.97145      1108.33532 WCW_N-S_1 1
INLINE-       1   2272    606664.73998   8157059.34388       666.84285 WCW_N-S_1 2
INLINE-       1   2325    606511.15517   8157127.91845       781.86904 WCW_N-S_1 2
INLINE-       1   2399    606301.09761   8157221.70773       923.42639 WCW_N-S_1 2
INLINE-       1   2475    606082.85941   8157319.14960      1048.16333 WCW_N-S_1 2
INLINE-       1   2518    605961.73325   8157373.23161      1106.60125 WCW_N-S_1 2
INLINE-       1   2340    606343.37504   8156860.60014       661.46726 WCW_N-S_1 3
INLINE-       1   2396    606181.60957   8156932.82724       767.64972 WCW_N-S_1 3
INLINE-       1   2515    605842.24515   8157084.35098       972.03796 WCW_N-S_1 3
INLINE-       1   2599    605603.95116   8157190.74751      1097.69973 WCW_N-S_1 3
