INLINE-       1    213    604175.79275   8151710.59273       795.25311 WS_E-W_2 1
INLINE-       1    180    604132.93366   8151614.60222       935.71222 WS_E-W_2 1
INLINE-       1    151    604096.84955   8151533.78547      1009.77117 WS_E-W_2 1
INLINE-       1    109    604042.79702   8151412.72527      1084.98616 WS_E-W_2 1
INLINE-       1    235    604488.24038   8151643.88160       777.55122 WS_E-W_2 2
INLINE-       1    197    604440.81548   8151537.66533       918.01033 WS_E-W_2 2
INLINE-       1    151    604382.19713   8151406.37937      1021.98186 WS_E-W_2 2
INLINE-       1    116    604337.12875   8151305.44093      1081.66253 WS_E-W_2 2
INLINE-       1    203    603876.89152   8151807.65236       821.76983 WS_E-W_2 3
INLINE-       1    181    603849.79162   8151746.95732       915.77050 WS_E-W_2 3
INLINE-       1    143    603800.15755   8151635.79306      1024.14944 WS_E-W_2 3
INLINE-       1    111    603759.65498   8151545.08038      1083.90237 WS_E-W_2 3
