INLINE-       1    185    604139.70856   8151629.77581       683.55055 WS_E-W_3 1
INLINE-       1    219    604182.56765   8151725.76632       778.63501 WS_E-W_3 1
INLINE-       1    268    604245.75167   8151867.27810       909.12326 WS_E-W_3 1
INLINE-       1    335    604331.32256   8152058.92926      1024.14944 WS_E-W_3 1
INLINE-       1    392    604403.49079   8152220.56277      1092.71719 WS_E-W_3 1
INLINE-       1    183    603852.14813   8151752.23515       677.98710 WS_E-W_3 2
INLINE-       1    210    603885.87573   8151827.77408       789.68966 WS_E-W_3 2
INLINE-       1    263    603953.62549   8151979.51165       923.50153 WS_E-W_3 2
INLINE-       1    328    604036.98715   8152166.21485      1036.36014 WS_E-W_3 2
INLINE-       1    376    604097.96194   8152302.77866      1093.87323 WS_E-W_3 2
INLINE-       1    143    603514.81430   8151763.19656       673.57969 WS_E-W_3 3
INLINE-       1    197    603584.77317   8151919.88216       801.90036 WS_E-W_3 3
INLINE-       1    288    603699.80030   8152177.50626       987.66186 WS_E-W_3 3
INLINE-       1    358    603789.93679   8152379.38327      1093.87323 WS_E-W_3 3
INLINE-       1    112    603191.17377   8151804.83736       663.68108 WS_E-W_3 4
INLINE-       1    146    603234.03286   8151900.82787       757.68175 WS_E-W_3 4
INLINE-       1    183    603281.31041   8152006.71431       850.59863 WS_E-W_3 4
INLINE-       1    231    603342.13791   8152142.94826       945.68309 WS_E-W_3 4
INLINE-       1    307    603439.19681   8152360.32883      1057.38565 WS_E-W_3 4
INLINE-       1    343    603484.26513   8152461.26731      1100.52047 WS_E-W_3 4
INLINE-       1    344    603486.47436   8152466.21527      1100.52047 WS_E-W_3 4
INLINE-       1    143    602944.11623   8152018.00944       688.03021 WS_E-W_3 5
INLINE-       1    187    603000.52534   8152144.34744       826.24949 WS_E-W_3 5
INLINE-       1    229    603054.57794   8152265.40760       947.92292 WS_E-W_3 5
INLINE-       1    274    603110.98706   8152391.74559      1044.16342 WS_E-W_3 5
INLINE-       1    307    603153.84620   8152487.73608      1096.11306 WS_E-W_3 5
INLINE-       1     93    602595.58100   8152003.90517       704.57607 WS_E-W_3 6
INLINE-       1    144    602660.97433   8152150.36488       810.78743 WS_E-W_3 6
INLINE-       1    245    602789.55177   8152438.33634      1012.08325 WS_E-W_3 6
INLINE-       1    304    602863.92932   8152604.91776      1096.11306 WS_E-W_3 6
INLINE-       1     70    602280.92423   8152065.66789       710.13952 WS_E-W_3 7
INLINE-       1    120    602344.10824   8152207.17968       818.51846 WS_E-W_3 7
INLINE-       1    160    602395.95154   8152323.29191       924.72982 WS_E-W_3 7
INLINE-       1    217    602468.11976   8152484.92541      1040.83980 WS_E-W_3 7
INLINE-       1    254    602515.54460   8152591.14172      1098.35289 WS_E-W_3 7
INLINE-       1     38    601955.07059   8152102.36266       701.25244 WS_E-W_3 8
INLINE-       1     82    602011.33242   8152228.37079       792.00175 WS_E-W_3 8
INLINE-       1    130    602072.30729   8152364.93457       904.78810 WS_E-W_3 8
INLINE-       1    190    602148.89408   8152536.46396      1018.73049 WS_E-W_3 8
INLINE-       1    238    602209.86894   8152673.02774      1093.94548 WS_E-W_3 8
INLINE-       1      5    601626.86396   8152133.77782       700.16865 WS_E-W_3 9
INLINE-       1     56    601692.25720   8152280.23757       807.46381 WS_E-W_3 9
INLINE-       1    114    601766.63466   8152446.81904       920.25016 WS_E-W_3 9
INLINE-       1    167    601834.23714   8152598.22675      1037.51618 WS_E-W_3 9
INLINE-       1    206    601883.87120   8152709.39102      1096.11306 WS_E-W_3 9
INLINE-       1      3    601339.15624   8152255.90730       744.38726 WS_E-W_3 10
INLINE-       1     56    601406.90600   8152407.64487       861.65328 WS_E-W_3 10
INLINE-       1    116    601483.49269   8152579.17431       984.41050 WS_E-W_3 10
INLINE-       1    187    601573.77661   8152781.38112      1097.19685 WS_E-W_3 10
INLINE-       0      0    601051.59588   8152378.36681       786.43829 WS_E-W_3 11
INLINE-       1      3    601053.80512   8152383.31477       812.95501 WS_E-W_3 11
INLINE-       1     40    601101.23001   8152489.53105       898.14086 WS_E-W_3 11
INLINE-       1    120    601202.70751   8152716.80749      1038.59997 WS_E-W_3 11
INLINE-       1    158    601252.34164   8152827.97173      1090.62186 WS_E-W_3 11
INLINE-       1      6    600773.03153   8152520.94212       884.84637 WS_E-W_3 12
INLINE-       1     51    600829.44040   8152647.28022       981.08688 WS_E-W_3 12
INLINE-       1    104    600897.04268   8152798.68802      1071.76392 WS_E-W_3 12
INLINE-       1    134    600935.33591   8152884.45279      1108.32375 WS_E-W_3 12
INLINE-       1      5    600485.47119   8152643.40162       915.84275 WS_E-W_3 13
INLINE-       1     45    600537.31456   8152759.51382      1017.57445 WS_E-W_3 13
INLINE-       1     84    600586.94869   8152870.67806      1090.62186 WS_E-W_3 13
