INLINE-       1    828    609381.77151   8152081.62887       769.08588 Bjaaland_West_2 1
INLINE-       1    723    609680.76058   8151948.13255      1079.59878 Bjaaland_West_2 1
INLINE-       1    830    609505.21997   8152368.74766       749.60657 Bjaaland_West_2 2
INLINE-       1    789    609622.38780   8152316.43313       850.47124 Bjaaland_West_2 2
INLINE-       1    714    609836.40381   8152220.87663      1080.52361 Bjaaland_West_2 2
INLINE-       1    837    609612.30354   8152663.16188       695.61941 Bjaaland_West_2 3
INLINE-       1    791    609741.61032   8152605.42723       830.99193 Bjaaland_West_2 3
INLINE-       1    706    609984.12650   8152497.14531      1075.20582 Bjaaland_West_2 3
INLINE-       1    830    609760.03019   8152939.43968       687.64272 Bjaaland_West_2 4
INLINE-       1    757    609966.12939   8152847.41779       922.14585 Bjaaland_West_2 4
INLINE-       1    701    610127.63094   8152775.30845      1079.59878 Bjaaland_West_2 4
INLINE-       1    811    609939.95194   8153201.34354       716.83278 Bjaaland_West_2 5
INLINE-       1    760    610085.35611   8153136.42157       904.45840 Bjaaland_West_2 5
INLINE-       1    694    610275.35794   8153051.58705      1082.25767 Bjaaland_West_2 5
INLINE-       1    797    610107.73346   8153468.66437       793.82518 Bjaaland_West_2 6
INLINE-       1    699    610386.40276   8153344.24032      1049.54168 Bjaaland_West_2 6
INLINE-       1    682    610434.95877   8153322.56037      1084.91657 Bjaaland_West_2 6
INLINE-       1    782    610279.47424   8153734.22008       808.85373 Bjaaland_West_2 7
INLINE-       1    685    610554.18521   8153611.56350      1084.04954 Bjaaland_West_2 7
INLINE-       1    729    610556.50687   8153952.76095       870.81758 Bjaaland_West_2 8
INLINE-       1    695    610653.35501   8153909.51888      1053.06761 Bjaaland_West_2 8
