INLINE-       1    344    609488.86616   8148611.46483       622.70639 Bjaaland_East_1 1
INLINE-       1    401    609327.15350   8148683.66843       772.76065 Bjaaland_East_1 1
INLINE-       1    488    609078.25111   8148794.80165       956.10892 Bjaaland_East_1 1
INLINE-       1    547    608910.20505   8148869.83307      1070.04842 Bjaaland_East_1 1
INLINE-       1    337    609635.48339   8148888.23485       631.16862 Bjaaland_East_1 2
INLINE-       1    364    609561.17158   8148921.41459       712.60022 Bjaaland_East_1 2
INLINE-       1    422    609393.12555   8148996.44607       847.07103 Bjaaland_East_1 2
INLINE-       1    488    609205.65711   8149080.14953       992.91730 Bjaaland_East_1 2
INLINE-       1    533    609076.45589   8149137.83704      1072.17554 Bjaaland_East_1 2
INLINE-       1    324    609801.73490   8149156.24117       646.05844 Bjaaland_East_1 3
INLINE-       1    362    609691.95604   8149205.25659       729.57092 Bjaaland_East_1 3
INLINE-       1    426    609510.82091   8149286.13203       881.75229 Bjaaland_East_1 3
INLINE-       1    477    609365.36391   8149351.07746       997.12529 Bjaaland_East_1 3
INLINE-       1    514    609258.75174   8149398.67897      1068.61493 Bjaaland_East_1 3
INLINE-       1    301    609993.73947   8149412.74096       631.16862 Bjaaland_East_1 4
INLINE-       1    374    609787.05971   8149505.02206       772.06702 Bjaaland_East_1 4
INLINE-       1    454    609557.36861   8149607.57757       934.83774 Bjaaland_East_1 4
INLINE-       1    528    609347.31104   8149701.36685      1066.53406 Bjaaland_East_1 4
INLINE-       1    341    610008.19997   8149748.51806       635.42285 Bjaaland_East_1 5
INLINE-       1    360    609953.09945   8149773.12009       725.31668 Bjaaland_East_1 5
INLINE-       1    426    609765.63101   8149856.82355       894.51500 Bjaaland_East_1 5
INLINE-       1    516    609507.01746   8149972.29284      1066.53406 Bjaaland_East_1 5
INLINE-       1    347    610119.35157   8150041.12694       644.62495 Bjaaland_East_1 6
INLINE-       1    380    610022.45064   8150084.39255       734.51878 Bjaaland_East_1 6
INLINE-       1    456    609805.84856   8150181.10390       915.04630 Bjaaland_East_1 6
INLINE-       1    528    609602.12439   8150272.06536      1067.22768 Bjaaland_East_1 6
INLINE-       1    357    610217.62390   8150339.48265       655.95416 Bjaaland_East_1 7
INLINE-       1    399    610098.13388   8150392.83418       752.92297 Bjaaland_East_1 7
INLINE-       1    463    609913.83214   8150475.12373       901.58997 Bjaaland_East_1 7
INLINE-       1    545    609681.18550   8150578.99896      1072.86917 Bjaaland_East_1 7
INLINE-       1    309    610480.77708   8150564.22419       638.98346 Bjaaland_East_1 8
INLINE-       1    390    610251.29714   8150666.68552       796.11270 Bjaaland_East_1 8
INLINE-       1    481    609989.51689   8150783.56872       973.77324 Bjaaland_East_1 8
INLINE-       1    535    609837.51545   8150851.43639      1068.66117 Bjaaland_East_1 8
INLINE-       1    277    610698.75185   8150809.13729       676.48546 Bjaaland_East_1 9
INLINE-       1    332    610543.58369   8150878.41881       803.92754 Bjaaland_East_1 9
INLINE-       1    396    610359.28192   8150960.70830       948.29407 Bjaaland_East_1 9
INLINE-       1    454    610194.40256   8151034.32581      1062.27982 Bjaaland_East_1 9
INLINE-       1    238    610939.31438   8151043.96126       663.76900 Bjaaland_East_1 10
INLINE-       1    289    610793.85745   8151108.90684       778.40213 Bjaaland_East_1 10
INLINE-       1    359    610593.30000   8151198.45446       929.19626 Bjaaland_East_1 10
INLINE-       1    422    610412.37607   8151279.23584      1062.97345 Bjaaland_East_1 10
INLINE-       1    223    611108.73273   8151310.55398       659.51477 Bjaaland_East_1 11
INLINE-       1    273    610966.44243   8151374.08550       782.65637 Bjaaland_East_1 11
INLINE-       1    357    610727.25117   8151480.88256       969.51901 Bjaaland_East_1 11
INLINE-       1    413    610565.53845   8151553.08604      1073.60903 Bjaaland_East_1 11
INLINE-       1    245    611174.70593   8151623.33503       655.26053 Bjaaland_East_1 12
INLINE-       1    315    610974.14839   8151712.88244       814.51689 Bjaaland_East_1 12
INLINE-       1    376    610799.76888   8151790.74154       954.67543 Bjaaland_East_1 12
INLINE-       1    434    610634.88946   8151864.35893      1074.99628 Bjaaland_East_1 12
INLINE-       1    263    611250.38563   8151931.76872       658.77490 Bjaaland_East_1 13
INLINE-       1    322    611082.33960   8152006.80020       786.21698 Bjaaland_East_1 13
INLINE-       1    377    610923.79365   8152077.58994       946.16696 Bjaaland_East_1 13
INLINE-       1    419    610804.30364   8152130.94147      1070.74205 Bjaaland_East_1 13
