INLINE-       1    286    611310.02546   8152247.37734       647.49193 Bjaaland_East_2 1
INLINE-       1    383    611035.15616   8152370.10461       845.68378 Bjaaland_East_2 1
INLINE-       1    484    610747.62007   8152498.48752      1069.35480 Bjaaland_East_2 1
INLINE-       1    394    610875.44856   8152099.17572       844.25029 Bjaaland_East_2 2
INLINE-       1    478    610636.25741   8152205.97303      1073.60903 Bjaaland_East_2 2
INLINE-       1    380    610786.89109   8151796.49138       850.63164 Bjaaland_East_2 3
INLINE-       1    482    610495.97709   8151926.38224      1076.42978 Bjaaland_East_2 3
INLINE-       1    272    611479.44445   8152513.97061       636.16272 Bjaaland_East_2 4
INLINE-       1    385    611156.23024   8152658.28356       864.08797 Bjaaland_East_2 4
INLINE-       1    482    610878.19424   8152782.42474      1078.55689 Bjaaland_East_2 4
INLINE-       1    276    611593.97256   8152805.06814       672.27747 Bjaaland_East_2 5
INLINE-       1    362    611348.23690   8152914.78753       864.78160 Bjaaland_East_2 5
INLINE-       1    468    611047.61184   8153049.01470      1075.73615 Bjaaland_East_2 5
INLINE-       1    237    611834.53644   8153039.89538       659.51477 Bjaaland_East_2 6
INLINE-       1    309    611627.64557   8153132.27075       806.05466 Bjaaland_East_2 6
INLINE-       1    399    611372.19867   8153246.32605       984.40883 Bjaaland_East_2 6
INLINE-       1    453    611217.03052   8153315.60758      1076.42978 Bjaaland_East_2 6
INLINE-       1    252    611916.55302   8153345.50906       657.34141 Bjaaland_East_2 7
INLINE-       1    324    611712.82887   8153436.47059       825.10623 Bjaaland_East_2 7
INLINE-       1    404    611483.34892   8153538.93191      1004.89389 Bjaaland_East_2 7
INLINE-       1    445    611367.02560   8153590.86953      1084.19838 Bjaaland_East_2 7
