INLINE-       1    693    609923.01381   8150785.59331       696.18318 Bjaaland_E-W_1 1
INLINE-       1    728    609968.08213   8150886.53178       797.98713 Bjaaland_E-W_1 1
INLINE-       1    776    610029.05691   8151023.09560       961.63934 Bjaaland_E-W_1 1
INLINE-       1    815    610078.54369   8151133.93000      1064.52708 Bjaaland_E-W_1 1
INLINE-       1    693    609637.66385   8150913.00026       690.69198 Bjaaland_E-W_1 2
INLINE-       1    741    609698.63872   8151049.56404       841.12195 Bjaaland_E-W_1 2
INLINE-       1    797    609770.80704   8151211.19751      1018.06864 Bjaaland_E-W_1 2
INLINE-       1    820    609800.11621   8151276.84048      1067.85070 Bjaaland_E-W_1 2
INLINE-       1    693    609352.31520   8151040.40643       668.58268 Bjaaland_E-W_1 3
INLINE-       1    720    609386.19008   8151116.27522       801.31075 Bjaaland_E-W_1 3
INLINE-       1    764    609442.59912   8151242.61324       922.91193 Bjaaland_E-W_1 3
INLINE-       1    829    609525.96078   8151429.31643      1067.85070 Bjaaland_E-W_1 3
INLINE-       1    686    609057.98936   8151147.68794       659.69560 Bjaaland_E-W_1 4
INLINE-       1    727    609109.83273   8151263.80014       821.18023 Bjaaland_E-W_1 4
INLINE-       1    831    609242.97591   8151561.99739      1062.28725 Bjaaland_E-W_1 4
INLINE-       1    783    609182.00105   8151425.43361       967.20279 Bjaaland_E-W_1 4
INLINE-       1    688    608774.84747   8151280.04338       666.34284 Bjaaland_E-W_1 5
INLINE-       1    723    608820.06313   8151381.31169       773.63800 Bjaaland_E-W_1 5
INLINE-       1    790    608905.63414   8151572.96280       956.14814 Bjaaland_E-W_1 5
INLINE-       1    852    608984.57744   8151749.77001      1066.69466 Bjaaland_E-W_1 5
INLINE-       1    714    608523.37371   8151483.31833       680.72112 Bjaaland_E-W_1 6
INLINE-       1    748    608566.23280   8151579.30884       803.47833 Bjaaland_E-W_1 6
INLINE-       1    801    608633.83527   8151730.71655       978.25744 Bjaaland_E-W_1 6
INLINE-       1    735    608265.12373   8151671.42028       690.69198 Bjaaland_E-W_1 7
INLINE-       1    780    608321.53284   8151797.75827       848.85298 Bjaaland_E-W_1 7
INLINE-       1    849    608409.46037   8151994.68721      1066.69466 Bjaaland_E-W_1 7
INLINE-       1    750    607997.74342   8151839.06993       724.93973 Bjaaland_E-W_1 8
INLINE-       1    792    608051.94323   8151960.45999       906.36608 Bjaaland_E-W_1 8
INLINE-       1    842    608114.97996   8152101.64191      1074.42569 Bjaaland_E-W_1 8
INLINE-       1    780    607750.83284   8152052.57181       842.20574 Bjaaland_E-W_1 9
INLINE-       1    820    607802.67614   8152168.68405       977.10140 Bjaaland_E-W_1 9
INLINE-       1    858    607849.95369   8152274.57049      1070.01828 Bjaaland_E-W_1 9
INLINE-       1    829    607528.37310   8152320.83190       914.09711 Bjaaland_E-W_1 10
INLINE-       1    918    607641.19133   8152573.50789      1032.44691 Bjaaland_E-W_1 10
INLINE-       1    976    607715.56888   8152740.08931      1074.42569 Bjaaland_E-W_1 10
INLINE-       1    879    607591.55720   8152462.34365       984.83243 Bjaaland_E-W_1 10
