INLINE-       1   3451    603426.49156   8158847.43746       654.29980 Hanssen_N_-_S_1 1
INLINE-       1   3399    603576.11799   8158780.63028       763.14116 Hanssen_N_-_S_1 1
INLINE-       1   3328    603777.99493   8158690.49360       930.36264 Hanssen_N_-_S_1 1
INLINE-       1   3246    604012.59439   8158585.74654      1119.72233 Hanssen_N_-_S_1 1
INLINE-       1   3418    603392.23787   8158520.49381       651.64090 Hanssen_N_-_S_1 2
INLINE-       1   3343    603606.25381   8158424.93715       837.47466 Hanssen_N_-_S_1 2
INLINE-       1   3271    603812.35300   8158332.91526      1014.46470 Hanssen_N_-_S_1 2
INLINE-       1   3214    603974.11844   8158260.68809      1117.98827 Hanssen_N_-_S_1 2
INLINE-       1   3380    603373.81973   8158186.48491       658.75056 Hanssen_N_-_S_1 3
INLINE-       1   3328    603523.44619   8158119.67779       793.25605 Hanssen_N_-_S_1 3
INLINE-       1   3267    603697.08677   8158042.14854       937.47230 Hanssen_N_-_S_1 3
INLINE-       1   3203    603878.90799   8157960.96669      1062.20924 Hanssen_N_-_S_1 3
INLINE-       1   3162    603996.07580   8157908.65212      1121.51419 Hanssen_N_-_S_1 3
INLINE-       1   3363    603294.96885   8157879.45425       649.96464 Hanssen_N_-_S_1 4
INLINE-       1   3305    603460.42882   8157805.57765       769.38378 Hanssen_N_-_S_1 4
INLINE-       1   3241    603642.25007   8157724.39586       904.75631 Hanssen_N_-_S_1 4
INLINE-       1   3182    603812.19620   8157648.51623      1047.23849 Hanssen_N_-_S_1 4
INLINE-       1   3147    603913.00275   8157603.50688      1119.78013 Hanssen_N_-_S_1 4
INLINE-       1   3315    603304.78822   8157532.84085       649.96464 Hanssen_N_-_S_1 5
INLINE-       1   3264    603450.19239   8157467.91888       760.54006 Hanssen_N_-_S_1 5
INLINE-       1   3202    603628.05520   8157388.50434       909.20707 Hanssen_N_-_S_1 5
INLINE-       1   3125    603846.29340   8157291.06247      1112.67047 Hanssen_N_-_S_1 5
INLINE-       1   3292    603242.03556   8157218.62554       648.17277 Hanssen_N_-_S_1 6
INLINE-       1   3249    603367.38396   8157162.65828       748.17041 Hanssen_N_-_S_1 6
INLINE-       1   3193    603524.92711   8157092.31627       875.56625 Hanssen_N_-_S_1 6
INLINE-       1   3113    603755.30428   8156989.45434      1057.81628 Hanssen_N_-_S_1 6
INLINE-       1   3083    603840.01342   8156951.63226      1117.98827 Hanssen_N_-_S_1 6
INLINE-       1   3254    603223.87951   8156884.49511       654.35760 Hanssen_N_-_S_1 7
INLINE-       1   3206    603361.10305   8156823.22573       792.38902 Hanssen_N_-_S_1 7
INLINE-       1   3145    603535.00749   8156745.57858       981.74871 Hanssen_N_-_S_1 7
INLINE-       1   3089    603696.50903   8156673.46924      1118.91310 Hanssen_N_-_S_1 7
INLINE-       1   3257    603088.29280   8156602.79966       672.04504 Hanssen_N_-_S_1 8
INLINE-       1   3207    603229.73858   8156539.64503       765.85785 Hanssen_N_-_S_1 8
INLINE-       1   3151    603391.24010   8156467.53563       898.57148 Hanssen_N_-_S_1 8
INLINE-       1   3104    603524.76914   8156407.91577      1009.14691 Hanssen_N_-_S_1 8
INLINE-       1   3047    603686.27066   8156335.80638      1119.78013 Hanssen_N_-_S_1 8
