INLINE-       1   1839    605104.97608   8156857.62965       691.75556 Hanssen_E-W_2 1
INLINE-       1   1817    605077.87614   8156796.93464       818.28436 Hanssen_E-W_2 1
INLINE-       1   1788    605039.93622   8156711.96162       924.46683 Hanssen_E-W_2 1
INLINE-       1   1734    604971.47941   8156558.64073      1042.15191 Hanssen_E-W_2 1
INLINE-       1   1697    604924.58473   8156453.61197      1106.71686 Hanssen_E-W_2 1
INLINE-       1   1861    604848.49228   8157049.69051       675.85998 Hanssen_E-W_2 2
INLINE-       1   1827    604805.13237   8156952.57849       777.59168 Hanssen_E-W_2 2
INLINE-       1   1788    604754.58509   8156839.36909       898.80269 Hanssen_E-W_2 2
INLINE-       1   1754    604711.34301   8156742.52096       987.29771 Hanssen_E-W_2 2
INLINE-       1   1714    604660.79573   8156629.31157      1065.15714 Hanssen_E-W_2 2
INLINE-       1   1683    604621.08843   8156540.38018      1112.90168 Hanssen_E-W_2 2
INLINE-       1   1847    604545.11432   8157136.72217       673.20108 Hanssen_E-W_2 3
INLINE-       1   1827    604519.78180   8157079.98552       761.63830 Hanssen_E-W_2 3
INLINE-       1   1799    604483.72715   8156999.23474       854.58408 Hanssen_E-W_2 3
INLINE-       1   1762    604436.83253   8156894.20594       950.99799 Hanssen_E-W_2 3
INLINE-       1   1714    604375.44536   8156756.71850      1054.52156 Hanssen_E-W_2 3
INLINE-       1   1673    604323.13076   8156639.55071      1105.84982 Hanssen_E-W_2 3
INLINE-       1   1824    604230.89899   8157199.47487       647.53695 Hanssen_E-W_2 4
INLINE-       1   1792    604189.30647   8157106.32122       751.06052 Hanssen_E-W_2 4
INLINE-       1   1755    604142.41180   8157001.29245       868.74560 Hanssen_E-W_2 4
INLINE-       1   1710    604084.67714   8156871.98568       972.26916 Hanssen_E-W_2 4
INLINE-       1   1670    604034.24768   8156759.04018      1054.52156 Hanssen_E-W_2 4
INLINE-       1   1639    603994.54038   8156670.10879      1117.35244 Hanssen_E-W_2 4
INLINE-       1   1775    603882.39387   8157185.43608       644.87805 Hanssen_E-W_2 5
INLINE-       1   1744    603842.68662   8157096.50467       760.77127 Hanssen_E-W_2 5
INLINE-       1   1714    603804.74675   8157011.53162       871.40449 Hanssen_E-W_2 5
INLINE-       1   1681    603763.27211   8156918.64184       975.79509 Hanssen_E-W_2 5
INLINE-       1   1630    603698.35017   8156773.23766      1089.89644 Hanssen_E-W_2 5
INLINE-       1   1739    603551.91543   8157211.77297       646.61212 Hanssen_E-W_2 6
INLINE-       1   1718    603524.81553   8157151.07794       732.44824 Hanssen_E-W_2 6
INLINE-       1   1557    603319.20980   8156690.58755      1110.30059 Hanssen_E-W_2 6
INLINE-       0      0    603482.68401   8157056.71696       837.87017 Hanssen_E-W_2 6
INLINE-       0      0    603410.77259   8156895.65860       980.13226 Hanssen_E-W_2 6
INLINE-       1   1691    603205.17999   8157201.69173       643.95322 Hanssen_E-W_2 7
INLINE-       1   1664    603170.89267   8157124.89934       756.37831 Hanssen_E-W_2 7
INLINE-       1   1613    603105.97064   8156979.49520       933.31055 Hanssen_E-W_2 7
INLINE-       1   1571    603051.88859   8156858.36906      1049.20376 Hanssen_E-W_2 7
INLINE-       1   1530    602999.57392   8156741.20129      1124.40430 Hanssen_E-W_2 7
INLINE-       1   1630    602842.18460   8157155.19302       688.22963 Hanssen_E-W_2 8
INLINE-       1   1591    602791.75536   8157042.24741       826.26105 Hanssen_E-W_2 8
INLINE-       1   1555    602746.62827   8156941.17693       940.42021 Hanssen_E-W_2 8
INLINE-       1   1511    602690.66124   8156815.82843      1052.78749 Hanssen_E-W_2 8
INLINE-       1   1469    602636.57941   8156694.70219      1126.19616 Hanssen_E-W_2 8
INLINE-       1   1626    602551.54024   8157270.72139       704.99224 Hanssen_E-W_2 9
INLINE-       1   1608    602528.09290   8157218.20701       802.33098 Hanssen_E-W_2 9
INLINE-       1   1568    602477.54562   8157104.99761       934.17758 Hanssen_E-W_2 9
INLINE-       1   1507    602400.01623   8156931.35709      1062.44045 Hanssen_E-W_2 9
INLINE-       1   1459    602338.62897   8156793.86969      1131.45616 Hanssen_E-W_2 9
INLINE-       1   1620    602258.88392   8157381.76760       716.49486 Hanssen_E-W_2 10
INLINE-       1   1602    602235.43658   8157329.25322       800.53912 Hanssen_E-W_2 10
INLINE-       1   1557    602177.70192   8157199.94645       921.75013 Hanssen_E-W_2 10
INLINE-       1   1501    602107.35990   8157042.40330      1038.56818 Hanssen_E-W_2 10
INLINE-       1   1452    602044.20526   8156900.95753      1131.45616 Hanssen_E-W_2 10
INLINE-       1   1613    601964.57894   8157489.11872       724.47155 Hanssen_E-W_2 11
INLINE-       1   1588    601932.05906   8157416.28469       817.35953 Hanssen_E-W_2 11
INLINE-       1   1541    601872.55709   8157283.01951       957.18282 Hanssen_E-W_2 11
INLINE-       1   1492    601809.40253   8157141.57370      1086.37052 Hanssen_E-W_2 11
INLINE-       1   1469    601780.53524   8157076.92030      1131.45616 Hanssen_E-W_2 11
INLINE-       1   1596    601657.55059   8157567.96897       732.44824 Hanssen_E-W_2 12
INLINE-       1   1572    601626.91588   8157499.35721       827.12808 Hanssen_E-W_2 12
INLINE-       1   1530    601572.83382   8157378.23107       938.57054 Hanssen_E-W_2 12
INLINE-       1   1493    601525.82132   8157272.93842      1023.53963 Hanssen_E-W_2 12
INLINE-       1   1431    601446.52453   8157095.33953      1129.72209 Hanssen_E-W_2 12
INLINE-       1   1585    601357.82568   8157663.18106       759.84644 Hanssen_E-W_2 13
INLINE-       1   1560    601325.30580   8157590.34703       856.31815 Hanssen_E-W_2 13
INLINE-       1   1513    601265.80383   8157457.08185       969.55247 Hanssen_E-W_2 13
INLINE-       1   1465    601204.41666   8157319.59441      1076.60196 Hanssen_E-W_2 13
INLINE-       1   1432    601162.94202   8157226.70462      1128.79726 Hanssen_E-W_2 13
