INLINE-       1   1019    600921.67564   8155919.84945       809.63139 Hanssen_E-W_3 1
INLINE-       1   1051    600962.32555   8156010.89197       908.03947 Hanssen_E-W_3 1
INLINE-       1   1088    601009.60317   8156116.77839      1004.27997 Hanssen_E-W_3 1
INLINE-       1   1130    601063.80305   8156238.16842      1099.36443 Hanssen_E-W_3 1
INLINE-       1   1068    600699.65774   8156189.09751       966.63635 Hanssen_E-W_3 2
INLINE-       1   1100    600740.16031   8156279.81020      1052.90599 Hanssen_E-W_3 2
INLINE-       1   1130    600778.60094   8156365.90478      1113.74270 Hanssen_E-W_3 2
INLINE-       1   1017    601204.96317   8155787.82481       811.79897 Hanssen_E-W_3 3
INLINE-       1   1053    601250.03149   8155888.76329       890.33757 Hanssen_E-W_3 3
INLINE-       1   1100    601310.85899   8156024.99725       999.80031 Hanssen_E-W_3 3
INLINE-       1   1146    601369.47727   8156156.28324      1084.98616 Hanssen_E-W_3 3
INLINE-       1   1169    601398.78640   8156221.92624      1118.15011 Hanssen_E-W_3 3
INLINE-       1   1037    601515.05572   8155715.83542       833.90827 Hanssen_E-W_3 4
INLINE-       1   1072    601560.12410   8155816.77387       921.33395 Hanssen_E-W_3 4
INLINE-       1   1113    601612.11475   8155933.21594      1005.36376 Hanssen_E-W_3 4
INLINE-       1   1168    601681.92655   8156089.57158      1097.19685 Hanssen_E-W_3 4
INLINE-       1   1184    601702.25151   8156135.09284      1117.06632 Hanssen_E-W_3 4
INLINE-       1   1045    601811.74758   8155613.82749       914.68671 Hanssen_E-W_3 5
INLINE-       1   1081    601856.81596   8155714.76594       989.90170 Hanssen_E-W_3 5
INLINE-       1   1120    601906.45009   8155825.93018      1066.20047 Hanssen_E-W_3 5
INLINE-       1   1155    601951.51847   8155926.86863      1114.82649 Hanssen_E-W_3 5
INLINE-       1   1042    602092.52750   8155476.19732       918.01033 Hanssen_E-W_3 6
INLINE-       1   1074    602133.17723   8155567.23992       986.57808 Hanssen_E-W_3 6
INLINE-       1   1116    602187.22960   8155688.30019      1080.57875 Hanssen_E-W_3 6
INLINE-       1   1141    602218.74787   8155758.89119      1121.47373 Hanssen_E-W_3 6
