INLINE-       1    711    608804.15642   8151345.68585       832.23488 WC_E-W_1 1
INLINE-       1    656    608734.34461   8151189.33021       984.90468 WC_E-W_1 1
INLINE-       1    619    608686.91972   8151083.11394      1072.25811 WC_E-W_1 1
INLINE-       1    707    608514.38927   8151463.19610       690.69198 WC_E-W_1 2
INLINE-       1    688    608489.49860   8151407.44904       790.18385 WC_E-W_1 2
INLINE-       1    645    608435.44607   8151286.38884       928.47538 WC_E-W_1 2
INLINE-       1    583    608356.50287   8151109.58158      1066.69466 WC_E-W_1 2
INLINE-       1    693    608210.92362   8151550.02975       646.40112 WC_E-W_1 3
INLINE-       1    661    608170.42099   8151459.31709       803.47833 WC_E-W_1 3
INLINE-       1    606    608100.46191   8151302.63159       962.72313 WC_E-W_1 3
INLINE-       1    557    608037.27780   8151161.11984      1065.61087 WC_E-W_1 3
INLINE-       1    686    607916.59076   8151657.31419       635.34647 WC_E-W_1 4
INLINE-       1    661    607885.07239   8151586.72323       747.04903 WC_E-W_1 4
INLINE-       1    594    607799.35422   8151394.74221       927.39159 WC_E-W_1 4
INLINE-       1    528    607715.84527   8151207.70915      1070.01828 WC_E-W_1 4
INLINE-       1    696    607644.78951   8151815.06901       628.77148 WC_E-W_1 5
INLINE-       1    656    607592.94622   8151698.95678       755.93610 WC_E-W_1 5
INLINE-       1    580    607495.88732   8151481.57621       957.23193 WC_E-W_1 5
INLINE-       1    527    607428.28484   8151330.16850      1067.85070 WC_E-W_1 5
INLINE-       1    686    607345.88959   8151912.12846       634.26268 WC_E-W_1 6
INLINE-       1    640    607287.27124   8151780.84250       765.90697 WC_E-W_1 6
INLINE-       1    567    607194.77797   8151573.68778       950.58469 WC_E-W_1 6
INLINE-       1    502    607111.41619   8151386.98463      1074.42569 WC_E-W_1 6
INLINE-       1    670    607040.21602   8151994.01334       625.44786 WC_E-W_1 7
INLINE-       1    645    607008.69766   8151923.42239       720.53232 WC_E-W_1 7
INLINE-       1    581    606927.39794   8151741.33729       899.71884 WC_E-W_1 7
INLINE-       1    491    606812.51791   8151484.04314      1074.42569 WC_E-W_1 7
INLINE-       1    673    606759.43178   8152131.64611       627.61544 WC_E-W_1 8
INLINE-       1    627    606700.81343   8152000.36015       757.01989 WC_E-W_1 8
INLINE-       1    548    606599.33593   8151773.08371       967.20279 WC_E-W_1 8
INLINE-       1    493    606529.37685   8151616.39821      1070.01828 WC_E-W_1 8
INLINE-       1    670    606469.52324   8152248.82407       653.04836 WC_E-W_1 9
INLINE-       1    631    606419.88911   8152137.65983       785.77644 WC_E-W_1 9
INLINE-       1    550    606316.20238   8151905.43543       949.50090 WC_E-W_1 9
INLINE-       1    477    606223.70910   8151698.28070      1072.25811 WC_E-W_1 9
INLINE-       1    681    606197.72458   8152406.57773       643.14975 WC_E-W_1 10
INLINE-       1    624    606125.55636   8152244.94423       800.15471 WC_E-W_1 10
INLINE-       1    544    606024.07900   8152017.66773      1026.88346 WC_E-W_1 10
INLINE-       1    520    605992.56063   8151947.07677      1075.58173 WC_E-W_1 10
INLINE-       1    679    605910.16537   8152529.03673       641.99371 WC_E-W_1 11
INLINE-       1    649    605871.72469   8152442.94217       745.96524 WC_E-W_1 11
INLINE-       1    589    605795.13790   8152271.41278       904.12625 WC_E-W_1 11
INLINE-       1    509    605693.66041   8152044.13634      1081.07293 WC_E-W_1 11
INLINE-       1    679    605624.81674   8152656.44289       644.23354 WC_E-W_1 12
INLINE-       1    636    605570.61693   8152535.05283       765.90697 WC_E-W_1 12
INLINE-       1    589    605509.78943   8152398.81887       901.95867 WC_E-W_1 12
INLINE-       1    496    605392.40560   8152135.91703      1087.72018 WC_E-W_1 12
INLINE-       1    677    605337.10903   8152778.57237       656.37198 WC_E-W_1 13
INLINE-       1    636    605285.26573   8152662.46013       801.31075 WC_E-W_1 13
INLINE-       1    576    605208.53176   8152490.60084       951.66848 WC_E-W_1 13
INLINE-       1    518    605134.15431   8152324.01937      1082.22898 WC_E-W_1 13
INLINE-       1    666    605038.20907   8152875.63182       679.63733 WC_E-W_1 14
INLINE-       1    620    604979.59072   8152744.34587       835.55850 WC_E-W_1 14
INLINE-       1    573    604918.76314   8152608.11195       968.28658 WC_E-W_1 14
INLINE-       1    512    604842.02907   8152436.25270      1083.31276 WC_E-W_1 14
INLINE-       1    619    604692.03281   8152866.80368       708.39387 WC_E-W_1 15
INLINE-       1    557    604613.08961   8152689.99641       927.39159 WC_E-W_1 15
