INLINE-       1   1168    607519.13826   8150517.63356       754.42185 WC_2 1
INLINE-       1   1084    607759.80723   8150410.17650       985.44529 WC_2 1
INLINE-       1   1040    607886.47512   8150353.62015      1075.48710 WC_2 1
INLINE-       1   1142    607721.72192   8150769.41586       754.11203 WC_2 2
INLINE-       1   1082    607892.93465   8150692.97048       927.56458 WC_2 2
INLINE-       1   1013    608090.11429   8150604.93103      1073.36460 WC_2 2
INLINE-       1   1141    607852.29550   8151053.35205       739.26845 WC_2 3
INLINE-       1   1082    608020.34155   8150978.32063       914.84812 WC_2 3
INLINE-       1   1005    608240.11033   8150880.19537      1074.79809 WC_2 3
INLINE-       1   1129    608015.16877   8151322.86476       742.82906 WC_2 4
INLINE-       1   1078    608160.62570   8151257.91917       895.70406 WC_2 4
INLINE-       1    996    608393.48346   8151153.94967      1077.61884 WC_2 4
INLINE-       1   1105    608210.55455   8151577.86401       735.06045 WC_2 5
INLINE-       1   1058    608343.13358   8151518.66832       899.95829 WC_2 5
INLINE-       1    977    608575.78022   8151414.79308      1079.05233 WC_2 5
INLINE-       1   1104    608341.12814   8151861.80023       708.14779 WC_2 6
INLINE-       1   1063    608457.45148   8151809.86265       845.48559 WC_2 6
INLINE-       1    994    608654.63115   8151721.82327       994.10636 WC_2 6
INLINE-       1    939    608809.79930   8151652.54174      1078.35870 WC_2 6
INLINE-       1   1072    608559.10192   8152106.71087       751.33753 WC_2 7
INLINE-       1    999    608765.99277   8152014.33543       924.05021 WC_2 7
INLINE-       1    921    608988.92821   8151914.79619      1076.92521 WC_2 7
INLINE-       1   1047    608757.65275   8152360.29309       725.11849 WC_2 8
INLINE-       1    997    608899.94305   8152296.76156       862.45629 WC_2 8
INLINE-       1    914    609135.75650   8152191.47267      1069.15661 WC_2 8
INLINE-       1   1002    609014.26118   8152587.95698       765.48748 WC_2 9
INLINE-       1    956    609143.67358   8152530.17535       924.05021 WC_2 9
INLINE-       1    910    609276.25267   8152470.97980      1076.92521 WC_2 9
INLINE-       1    967    609241.94335   8152828.52533       756.28539 WC_2 10
INLINE-       1    922    609367.97787   8152772.25172       904.21253 WC_2 10
INLINE-       1    865    609532.85721   8152698.63416      1080.48582 WC_2 10
INLINE-       1    942    609440.49543   8153082.10978       792.40014 WC_2 11
INLINE-       1    851    609698.89790   8152966.73483      1081.17945 WC_2 11
INLINE-       1    937    609580.78069   8153361.71106       874.52537 WC_2 12
INLINE-       1    878    609748.82684   8153286.67960      1080.48582 WC_2 12
INLINE-       1    927    609737.32048   8153634.05139       886.54821 WC_2 13
INLINE-       1    828    610018.52314   8153508.49621      1083.30656 WC_2 13
INLINE-       1    911    609909.90576   8153899.22989       900.00454 WC_2 14
INLINE-       1    844    610100.54092   8153814.11259      1084.74006 WC_2 14
INLINE-       1    911    610037.31194   8154184.57817       904.95240 WC_2 15
INLINE-       1    844    610227.94707   8154099.46080      1081.17945 WC_2 15
INLINE-       1    920    610138.96301   8154481.42831       849.73983 WC_2 16
INLINE-       1    863    610300.46456   8154409.31897      1060.64814 WC_2 16
INLINE-       1    925    610253.28017   8154772.62182       856.81480 WC_2 17
INLINE-       1    857    610447.29321   8154685.99649      1091.81503 WC_2 17
INLINE-       1    914    610409.81986   8155044.96222       874.52537 WC_2 18
INLINE-       1    848    610600.66617   8154959.75073      1092.50866 WC_2 18
INLINE-       1    885    610621.24712   8155292.79037       929.73794 WC_2 19
INLINE-       1    839    610753.82617   8155233.59473      1086.86717 WC_2 19
