INLINE-       1   1523    606125.76697   8150113.06573       644.52285 WC_3 1
INLINE-       1   1604    605893.52099   8150216.76198       837.94219 WC_3 1
INLINE-       1   1710    605592.44241   8150351.19151      1072.77863 WC_3 1
INLINE-       1   1531    606228.89540   8150409.25456       646.31471 WC_3 2
INLINE-       1   1612    605998.51823   8150512.11649       839.20033 WC_3 2
INLINE-       1   1721    605687.65418   8150650.91530      1072.77863 WC_3 2
INLINE-       1   1567    606255.22969   8150739.72844       658.68436 WC_3 3
INLINE-       1   1653    606008.75502   8150849.77748       892.26266 WC_3 3
INLINE-       1   1737    605770.19710   8150956.29176      1068.32787 WC_3 3
INLINE-       1   1551    606426.35212   8151005.55513       629.39349 WC_3 4
INLINE-       1   1625    606216.91100   8151099.06916       794.92392 WC_3 4
INLINE-       1   1700    606002.89506   8151194.62583       956.88541 WC_3 4
INLINE-       1   1768    605808.93487   8151281.22773      1082.48938 WC_3 4
INLINE-       1   1583    606464.36906   8151330.81586       644.56076 WC_3 5
INLINE-       1   1649    606276.02240   8151414.91144       786.34886 WC_3 5
INLINE-       1   1752    605980.77650   8151546.73684      1071.20780 WC_3 5
INLINE-       1   1588    606576.85428   8151622.82787       644.74388 WC_3 6
INLINE-       1   1671    606338.56032   8151729.22450       843.81432 WC_3 6
INLINE-       1   1755    606100.00248   8151835.73896      1076.52559 WC_3 6
INLINE-       1   1597    606678.00883   8151919.89811       655.84189 WC_3 7
INLINE-       1   1681    606440.04213   8152026.14871       859.12032 WC_3 7
INLINE-       1   1782    606149.74908   8152155.76270      1075.60914 WC_3 7
INLINE-       1   1625    606725.41299   8152240.97020       694.83905 WC_3 8
INLINE-       1   1672    606590.97616   8152300.99538       829.05091 WC_3 8
INLINE-       1   1792    606249.64850   8152453.39600      1070.87641 WC_3 8
INLINE-       1   1643    606801.13917   8152549.39483       799.60421 WC_3 9
INLINE-       1   1701    606635.62647   8152623.29512       996.11286 WC_3 9
