INLINE-       1   1679    606572.73590   8152309.13954       738.45420 WC_4 1
INLINE-       1   1706    606495.21517   8152343.75205       836.41258 WC_4 1
INLINE-       1   1748    606373.61402   8152398.04619       939.47605 WC_4 1
INLINE-       1   1664    606741.52072   8152576.01406       677.30420 WC_4 2
INLINE-       1   1702    606632.92412   8152624.50170       801.89779 WC_4 2
INLINE-       1   1792    606377.05500   8152738.74552      1073.13301 WC_4 2
INLINE-       1   1651    606905.23867   8152845.15022       676.15741 WC_4 3
INLINE-       1   1692    606788.87313   8152897.10669       763.90563 WC_4 3
INLINE-       1   1773    606558.84429   8152999.81309       973.47293 WC_4 3
INLINE-       1   1824    606414.10514   8153064.43819      1082.19638 WC_4 3
INLINE-       1   1670    606980.03678   8153153.98493       665.96401 WC_4 4
INLINE-       1   1721    606835.29757   8153218.60988       814.89922 WC_4 4
INLINE-       1   1818    606558.48593   8153342.20414      1087.24423 WC_4 4
INLINE-       1   1677    607086.45927   8153448.70569       646.95128 WC_4 5
INLINE-       1   1727    606944.63342   8153512.02984       812.05073 WC_4 5
INLINE-       1   1802    606729.97351   8153607.87384      1007.96749 WC_4 5
INLINE-       1   1842    606616.14127   8153658.69906      1091.75742 WC_4 5
INLINE-       1   1664    607250.41155   8153717.73152       647.91496 WC_4 6
INLINE-       1   1728    607069.52984   8153798.49405       771.95364 WC_4 6
INLINE-       1   1837    606757.86356   8153937.65104      1077.53255 WC_4 6
INLINE-       1   1687    607313.82982   8154031.65150       622.74561 WC_4 7
INLINE-       1   1717    607229.12068   8154069.47355       711.24063 WC_4 7
INLINE-       1   1769    607079.49425   8154136.28074       876.72805 WC_4 7
INLINE-       1   1848    606853.33931   8154237.25738      1090.82704 WC_4 7
INLINE-       1   1688    607437.27881   8154318.77006       635.17306 WC_4 8
INLINE-       1   1722    607340.43066   8154362.01210       696.21208 WC_4 8
INLINE-       1   1762    607227.22125   8154412.55933       810.37123 WC_4 8
INLINE-       1   1799    607122.19246   8154459.45397       929.79038 WC_4 8
INLINE-       1   1861    606944.32965   8154538.86851      1080.19145 WC_4 8
INLINE-       1   1719    607475.75393   8154643.82637       662.57126 WC_4 9
INLINE-       1   1773    607322.16915   8154712.40100       818.29012 WC_4 9
INLINE-       1   1882    607011.04121   8154851.31762      1079.32442 WC_4 9
