INLINE-       1   1708    607635.61920   8154914.68336       644.01678 WC_5 1
INLINE-       1   1749    607518.45141   8154966.99798       707.71470 WC_5 1
INLINE-       1   1803    607364.86661   8155035.57255       848.40502 WC_5 1
INLINE-       1   1884    607134.48940   8155138.43440      1084.64221 WC_5 1
INLINE-       1   1786    607413.42263   8155013.89261       796.20972 WC_5 1
INLINE-       1   1806    607229.27929   8154753.87572       697.94614 WC_5 2
INLINE-       1   1854    607092.05577   8154815.14514       816.55606 WC_5 2
INLINE-       1   1918    606910.23461   8154896.32713       974.93382 WC_5 2
INLINE-       1   1963    606780.92784   8154954.06177      1081.11629 WC_5 2
INLINE-       1   1861    606944.32955   8154538.86855       687.36836 WC_5 3
INLINE-       1   1892    606855.39815   8154578.57582       771.41262 WC_5 3
INLINE-       1   1969    606637.15995   8154676.01769       955.45451 WC_5 3
INLINE-       1   2022    606483.83903   8154744.47443      1084.64221 WC_5 3
INLINE-       1   1656    607912.38814   8155133.34303       661.70423 WC_5 4
INLINE-       1   1684    607831.63738   8155169.39772       722.74325 WC_5 4
INLINE-       1   1725    607714.46961   8155221.71238       837.76943 WC_5 4
INLINE-       1   1776    607569.06546   8155286.63440       984.64458 WC_5 4
INLINE-       1   1819    607447.67543   8155340.83428      1095.27780 WC_5 4
INLINE-       1   1595    608213.69924   8155341.04548       672.33981 WC_5 5
INLINE-       1   1639    608088.35082   8155397.01270       778.46447 WC_5 5
INLINE-       1   1698    607918.66864   8155472.77464       920.07963 WC_5 5
INLINE-       1   1761    607740.80583   8155552.18918      1092.61890 WC_5 5
INLINE-       1   1500    608611.59367   8155505.62221       661.70423 WC_5 6
INLINE-       1   1548    608474.37009   8155566.89148       761.70186 WC_5 6
INLINE-       1   1599    608328.96587   8155631.81334       892.62363 WC_5 6
INLINE-       1   1691    608066.12993   8155749.16756      1088.16814 WC_5 6
INLINE-       1   1463    608844.29258   8155743.95872       659.91236 WC_5 7
INLINE-       1   1510    608710.76350   8155803.57848       766.09482 WC_5 7
INLINE-       1   1551    608593.59569   8155855.89305       910.31107 WC_5 7
INLINE-       1   1620    608395.67709   8155944.26226      1104.12152 WC_5 7
INLINE-       1   1449    609012.07237   8156011.27595       669.68092 WC_5 8
INLINE-       1   1506    608850.30693   8156083.50311       820.94902 WC_5 8
INLINE-       1   1581    608636.29099   8156179.05977      1028.86318 WC_5 8
INLINE-       1   1613    608543.40121   8156220.53443      1104.98855 WC_5 8
INLINE-       1   1408    609256.64752   8156244.31250       678.52464 WC_5 9
INLINE-       1   1460    609107.02108   8156311.11969       804.12861 WC_5 9
INLINE-       1   1508    608969.79755   8156372.38906       911.23590 WC_5 9
INLINE-       1   1606    608690.86432   8156496.93085      1102.32966 WC_5 9
