INLINE-       1   2416    605360.70003   8155245.94835       662.50769 WCW_N-S_5 1
INLINE-       1   2440    605291.82437   8155276.70087       751.86975 WCW_N-S_5 1
INLINE-       1   2507    605102.08645   8155361.41756       886.31744 WCW_N-S_5 1
INLINE-       1   2570    604920.26526   8155442.59948      1003.13549 WCW_N-S_5 1
INLINE-       1   2628    604754.54145   8155516.59404      1078.33602 WCW_N-S_5 1
INLINE-       1   2392    605301.90454   8154929.96245       658.92396 WCW_N-S_5 2
INLINE-       1   2420    605221.15376   8154966.01712       734.12450 WCW_N-S_5 2
INLINE-       1   2594    604723.98215   8155188.00086      1063.30748 WCW_N-S_5 2
INLINE-       0      0    605071.52714   8155032.82439       839.43993 WCW_N-S_5 2
INLINE-       1   2368    605243.10985   8154613.97887       666.90065 WCW_N-S_5 3
INLINE-       1   2434    605053.37195   8154698.69563       819.09359 WCW_N-S_5 3
INLINE-       1   2484    604911.92618   8154761.85026       928.80198 WCW_N-S_5 3
INLINE-       1   2569    604669.41000   8154870.13218      1086.31271 WCW_N-S_5 3
