INLINE-       1    341    600914.06266   8153603.30651       672.49590 WS_E-W_4 1
INLINE-       1    399    600988.58750   8153770.21780       835.06431 WS_E-W_4 1
INLINE-       1    442    601042.64010   8153891.27796       929.06498 WS_E-W_4 1
INLINE-       1    490    601103.46768   8154027.51188      1015.33462 WS_E-W_4 1
INLINE-       1    550    601180.20175   8154199.37113      1106.01167 WS_E-W_4 1
INLINE-       1    288    600561.25625   8153579.63618       650.38659 WS_E-W_4 2
INLINE-       1    322    600604.11540   8153675.62666       766.49657 WS_E-W_4 2
INLINE-       1    368    600662.73375   8153806.91262       908.03947 WS_E-W_4 2
INLINE-       1    431    600743.88628   8153988.66780      1035.27635 WS_E-W_4 2
INLINE-       1    481    600807.07039   8154130.17954      1102.76030 WS_E-W_4 2
INLINE-       1    224    600194.75585   8153525.28681       668.08849 WS_E-W_4 3
INLINE-       1    309    600303.00819   8153767.73707       827.33328 WS_E-W_4 3
INLINE-       1    362    600370.61067   8153919.14478       957.82153 WS_E-W_4 3
INLINE-       1    394    600411.26053   8154010.18733      1030.86894 WS_E-W_4 3
INLINE-       1    431    600458.53808   8154116.07376      1109.33529 WS_E-W_4 3
INLINE-       1    176    599848.43024   8153516.13033       721.12192 WS_E-W_4 4
INLINE-       1    228    599913.97042   8153662.91893       811.79897 WS_E-W_4 4
INLINE-       1    366    600089.82547   8154056.77680      1108.17925 WS_E-W_4 4
INLINE-       0      0    599991.16254   8153835.80406       955.52238 WS_E-W_4 4
INLINE-       1    132    599506.82063   8153517.52778       802.91189 WS_E-W_4 5
INLINE-       1    192    599583.40731   8153689.05721       924.58532 WS_E-W_4 5
INLINE-       1    263    599673.69124   8153891.26403      1041.85134 WS_E-W_4 5
INLINE-       1    323    599750.27792   8154062.79346      1112.58666 WS_E-W_4 5
INLINE-       1    419    601298.82706   8153698.55844       725.52933 WS_E-W_4 6
INLINE-       1    431    601314.58620   8153733.85394       802.91189 WS_E-W_4 6
INLINE-       1    456    601346.25175   8153804.77480       883.69033 WS_E-W_4 6
INLINE-       1    497    601398.09489   8153920.88710       968.80393 WS_E-W_4 6
INLINE-       1    561    601479.24708   8154102.64244      1057.31340 WS_E-W_4 6
INLINE-       1    610    601542.43091   8154244.15431      1112.58666 WS_E-W_4 6
INLINE-       1    380    601534.53429   8153459.99108       748.72242 WS_E-W_4 7
INLINE-       1    412    601575.18420   8153551.03361       862.66482 WS_E-W_4 7
INLINE-       1    476    601656.33674   8153732.78879       982.09841 WS_E-W_4 7
INLINE-       1    568    601773.57344   8153995.36070      1101.53201 WS_E-W_4 7
INLINE-       1    357    601790.57571   8153266.94107       728.85295 WS_E-W_4 8
INLINE-       1    369    601806.33490   8153302.23655       801.82810 WS_E-W_4 8
INLINE-       1    407    601853.75973   8153408.45285       912.44688 WS_E-W_4 8
INLINE-       1    469    601932.70293   8153585.26012      1025.23323 WS_E-W_4 8
INLINE-       1    527    602007.08039   8153751.84159      1092.71719 WS_E-W_4 8
INLINE-       1    325    602035.42434   8153048.82108       760.93312 WS_E-W_4 9
INLINE-       1    341    602055.60199   8153094.01249       829.50086 WS_E-W_4 9
INLINE-       1    375    602098.46108   8153190.00300       930.14877 WS_E-W_4 9
INLINE-       1    417    602152.66089   8153311.39306      1011.93875 WS_E-W_4 9
INLINE-       1    470    602220.26336   8153462.80077      1093.80098 WS_E-W_4 9
