INLINE-       1    417    603293.76444   8152801.10722       654.72175 WS_E-W_7 1
INLINE-       1    389    603257.68028   8152720.29049       770.90398 WS_E-W_7 1
INLINE-       1    348    603205.83691   8152604.17828       937.87980 WS_E-W_7 1
INLINE-       1    302    603147.21856   8152472.89233      1056.22961 WS_E-W_7 1
INLINE-       1    470    603076.01588   8153079.92237       672.42365 WS_E-W_7 2
INLINE-       1    444    603042.28824   8153004.38347       795.25311 WS_E-W_7 2
INLINE-       1    415    603006.20408   8152923.56673       922.41774 WS_E-W_7 2
INLINE-       1    387    602970.11991   8152842.75000      1003.12393 WS_E-W_7 2
INLINE-       1    346    602918.27655   8152726.63780      1078.33891 WS_E-W_7 2
INLINE-       1    509    602840.30167   8153318.49264       669.10002 WS_E-W_7 3
INLINE-       1    493    602820.12403   8153273.30123       763.17295 WS_E-W_7 3
INLINE-       1    467    602786.24914   8153197.43244       870.39585 WS_E-W_7 3
INLINE-       1    426    602734.40585   8153081.32021       985.42203 WS_E-W_7 3
INLINE-       1    382    602677.99681   8152954.98218      1082.74632 WS_E-W_7 3
INLINE-       1    544    602600.16707   8153547.16805       753.20208 WS_E-W_7 4
INLINE-       1    507    602552.74217   8153440.95177       872.63568 WS_E-W_7 4
INLINE-       1    451    602480.57385   8153279.31830      1015.33462 WS_E-W_7 4
INLINE-       1    419    602439.92394   8153188.27578      1086.06994 WS_E-W_7 4
INLINE-       1    532    602298.91220   8153638.94876       789.68966 WS_E-W_7 5
INLINE-       1    483    602235.87547   8153497.76684       936.79601 WS_E-W_7 5
INLINE-       1    442    602183.88489   8153381.32474      1021.98186 WS_E-W_7 5
INLINE-       1    681    602202.96577   8154190.56156       854.93379 WS_E-W_7 6
INLINE-       1    668    602187.20659   8154155.26608       936.79601 WS_E-W_7 6
INLINE-       1    645    602157.89745   8154089.62308      1064.03289 WS_E-W_7 6
