INLINE-       1    672    600194.24386   8155057.13373       631.35236 WS_E-W_1 1
INLINE-       1    720    600255.63104   8155194.62117       748.17041 WS_E-W_1 1
INLINE-       1    781    600333.16033   8155368.26173       891.46182 WS_E-W_1 1
INLINE-       1    852    600423.41480   8155570.40258      1034.81104 WS_E-W_1 1
INLINE-       1    907    600493.75672   8155727.94576      1120.64716 WS_E-W_1 1
INLINE-       1    693    600506.69234   8154990.42242       627.82643 WS_E-W_1 2
INLINE-       1    738    600564.42700   8155119.72919       741.98559 WS_E-W_1 2
INLINE-       1    794    600634.76902   8155277.27234       880.01701 WS_E-W_1 2
INLINE-       1    863    600723.13839   8155475.19087      1036.60291 WS_E-W_1 2
INLINE-       1    911    600784.52565   8155612.67827      1120.64716 WS_E-W_1 2
INLINE-       1    707    600810.06970   8154903.39103       626.95940 WS_E-W_1 3
INLINE-       1    754    600869.57167   8155036.65621       750.82931 WS_E-W_1 3
INLINE-       1    812    600943.56619   8155202.38003       901.23038 WS_E-W_1 3
INLINE-       1    877    601026.63329   8155388.42349      1037.46994 WS_E-W_1 3
INLINE-       1    927    601089.67002   8155529.60541      1120.64716 WS_E-W_1 3
INLINE-       1    745    601144.08046   8154884.97203       652.62353 WS_E-W_1 4
INLINE-       1    777    601183.78784   8154973.90359       771.17565 WS_E-W_1 4
INLINE-       1    825    601245.17485   8155111.39044       888.86073 WS_E-W_1 4
INLINE-       1    876    601310.09689   8155256.79459      1006.48801 WS_E-W_1 4
INLINE-       1    930    601378.67152   8155410.37936      1117.12123 WS_E-W_1 4
INLINE-       1    723    601400.56426   8154692.91117       657.07430 WS_E-W_1 5
INLINE-       1    779    601472.79149   8154854.67658       748.17041 WS_E-W_1 5
INLINE-       1    818    601521.45339   8154963.66333       830.42280 WS_E-W_1 5
INLINE-       1    891    601615.36058   8155173.98475       993.25133 WS_E-W_1 5
INLINE-       1    949    601689.23737   8155339.44464      1115.32937 WS_E-W_1 5
INLINE-       1    723    601686.02975   8154565.77045       658.80836 WS_E-W_1 6
INLINE-       1    781    601759.90622   8154731.23048       756.14710 WS_E-W_1 6
INLINE-       1    830    601823.06060   8154872.67637       845.50915 WS_E-W_1 6
INLINE-       1    891    601900.70748   8155046.58093       982.67354 WS_E-W_1 6
INLINE-       1    959    601987.30909   8155240.54125      1117.17904 WS_E-W_1 6
INLINE-       1    758    602016.38175   8154539.17199       657.07430 WS_E-W_1 7
INLINE-       1    809    602081.42161   8154684.84003       787.12903 WS_E-W_1 7
INLINE-       1    881    602173.32575   8154890.67530       958.80127 WS_E-W_1 7
INLINE-       1    949    602259.92774   8155084.63545      1072.90263 WS_E-W_1 7
INLINE-       1    980    602299.63504   8155173.56684      1118.91310 WS_E-W_1 7
INLINE-       1    771    602317.99161   8154448.18228       651.75650 WS_E-W_1 8
INLINE-       1    813    602372.07360   8154569.30845       765.91566 WS_E-W_1 8
INLINE-       1    859    602429.80817   8154698.61525       882.67590 WS_E-W_1 8
INLINE-       1    913    602498.38272   8154852.20007      1002.15285 WS_E-W_1 8
INLINE-       1    972    602574.14462   8155021.88226      1110.06938 WS_E-W_1 8
INLINE-       1    765    602596.15545   8154304.67759       645.57168 WS_E-W_1 9
INLINE-       1    823    602670.14997   8154470.40142       781.81124 WS_E-W_1 9
INLINE-       1    880    602742.25928   8154631.90298       921.63452 WS_E-W_1 9
INLINE-       1    956    602839.70111   8154850.14120      1068.50967 WS_E-W_1 9
INLINE-       1    988    602879.40836   8154939.07261      1111.86124 WS_E-W_1 9
INLINE-       1    760    602874.31677   8154161.17383       657.07430 WS_E-W_1 10
INLINE-       1    815    602944.65879   8154318.71698       761.46489 WS_E-W_1 10
INLINE-       1    886    603034.79555   8154520.59387       908.34004 WS_E-W_1 10
INLINE-       1    963    603134.00490   8154742.79040      1057.00705 WS_E-W_1 10
INLINE-       1    998    603177.36480   8154839.90243      1106.54345 WS_E-W_1 10
INLINE-       1    768    603170.50665   8154058.04511       653.49057 WS_E-W_1 11
INLINE-       1    806    603219.16865   8154167.03227       753.48820 WS_E-W_1 11
INLINE-       1    883    603316.61048   8154385.27049       903.02225 WS_E-W_1 11
INLINE-       1    944    603394.13978   8154558.91106      1021.57436 WS_E-W_1 11
INLINE-       1   1005    603471.66907   8154732.55162      1104.75158 WS_E-W_1 11
INLINE-       1    778    603468.46272   8153958.87509       669.44395 WS_E-W_1 12
INLINE-       1    812    603511.70480   8154055.72322       777.41828 WS_E-W_1 12
INLINE-       1    871    603587.46680   8154225.40537       914.52486 WS_E-W_1 12
INLINE-       1    948    603684.90876   8154443.64353      1061.40001 WS_E-W_1 12
INLINE-       1    971    603713.77609   8154508.29692      1097.69973 WS_E-W_1 12
INLINE-       1    728    603690.65920   8153690.02184       665.91802 WS_E-W_1 13
INLINE-       1    775    603750.16124   8153823.28698       792.44682 WS_E-W_1 13
INLINE-       1    856    603853.02319   8154053.66415      1011.86361 WS_E-W_1 13
INLINE-       1    911    603923.36521   8154211.20729      1099.43379 WS_E-W_1 13
INLINE-       1    700    603939.95452   8153481.86431       658.80836 WS_E-W_1 14
INLINE-       1    747    603999.45648   8153615.12948       785.33716 WS_E-W_1 14
INLINE-       1    791    604055.30585   8153740.21402       901.28818 WS_E-W_1 14
INLINE-       1    846    604125.76560   8153898.02110      1034.86884 WS_E-W_1 14
INLINE-       1    890    604181.61497   8154023.10564      1098.56676 WS_E-W_1 14
INLINE-       1    685    604205.38812   8153309.86186       656.20727 WS_E-W_1 15
INLINE-       1    721    604252.28266   8153414.89069       754.41304 WS_E-W_1 15
INLINE-       1    758    604299.17720   8153519.91951       860.59550 WS_E-W_1 15
INLINE-       1    826    604385.77892   8153713.87978       998.62692 WS_E-W_1 15
INLINE-       1    896    604474.14803   8153911.79843      1101.22566 WS_E-W_1 15
