INLINE-       1    589    600088.43758   8154820.16185       642.65556 WS_E-W_3 1
INLINE-       1    560    600052.35347   8154739.34509       753.20208 WS_E-W_3 1
INLINE-       1    530    600014.06013   8154653.58038       871.55189 WS_E-W_3 1
INLINE-       1    497    599971.20104   8154557.58987       964.46877 WS_E-W_3 1
INLINE-       1    433    599889.90133   8154375.50478      1109.33529 WS_E-W_3 1
INLINE-       1    603    600391.75442   8154732.99902       640.41573 WS_E-W_3 2
INLINE-       1    589    600373.78598   8154692.75559       726.68537 WS_E-W_3 2
INLINE-       1    566    600344.47681   8154627.11261       835.06431 WS_E-W_3 2
INLINE-       1    537    600308.39265   8154546.29588       939.03585 WS_E-W_3 2
INLINE-       1    502    600263.32427   8154445.35743      1043.00738 WS_E-W_3 2
INLINE-       1    460    600209.12439   8154323.96740      1114.89874 WS_E-W_3 2
INLINE-       1    638    600722.32021   8154706.86051       638.17590 WS_E-W_3 3
INLINE-       1    601    600674.89537   8154600.64421       772.06002 WS_E-W_3 3
INLINE-       1    571    600636.60203   8154514.87949       892.57741 WS_E-W_3 3
INLINE-       1    529    600582.40222   8154393.48943      1013.16704 WS_E-W_3 3
INLINE-       1    491    600535.12467   8154287.60299      1083.90237 WS_E-W_3 3
INLINE-       1    652    601025.63713   8154619.69765       657.03384 WS_E-W_3 4
INLINE-       1    621    600984.98722   8154528.65513       789.68966 WS_E-W_3 4
INLINE-       1    601    600960.24379   8154473.23794       878.19913 WS_E-W_3 4
INLINE-       1    564    600912.96589   8154367.35089       997.63273 WS_E-W_3 4
INLINE-       1    532    600872.31598   8154276.30837      1084.98616 WS_E-W_3 4
INLINE-       1    638    601293.01974   8154452.04657       744.38726 WS_E-W_3 5
INLINE-       1    628    601279.46977   8154421.69906       833.98052 WS_E-W_3 5
INLINE-       1    617    601265.91980   8154391.35156       931.30481 WS_E-W_3 5
INLINE-       1    603    601247.80408   8154350.77826      1010.92721 WS_E-W_3 5
INLINE-       1    569    601205.09235   8154255.11793      1123.71356 WS_E-W_3 5
INLINE-       1    583    601222.22353   8154293.48618      1080.29724 WS_E-W_3 5
