INLINE-       1    635    604141.79319   8153167.42949       643.73935 WS_7-3S_Horst_1 1
INLINE-       1    596    604092.30649   8153056.59505       801.90036 WS_7-3S_Horst_1 1
INLINE-       1    552    604035.89754   8152930.25698       964.46877 WS_7-3S_Horst_1 1
INLINE-       1    497    603965.93866   8152773.57139      1093.87323 WS_7-3S_Horst_1 1
INLINE-       1    603    604386.63481   8152949.31263       742.14743 WS_7-3S_Horst_1 2
INLINE-       1    567    604341.56649   8152848.37415       893.66119 WS_7-3S_Horst_1 2
INLINE-       1    527    604289.57591   8152731.93206      1009.84342 WS_7-3S_Horst_1 2
INLINE-       1    486    604237.73261   8152615.81982      1088.38203 WS_7-3S_Horst_1 2
INLINE-       1    624    603843.04428   8153264.81668       660.35746 WS_7-3S_Horst_1 3
INLINE-       1    610    603824.92858   8153224.24337       756.52571 WS_7-3S_Horst_1 3
INLINE-       1    573    603777.65103   8153118.35693       902.54827 WS_7-3S_Horst_1 3
INLINE-       1    541    603737.00117   8153027.31438      1025.30548 WS_7-3S_Horst_1 3
INLINE-       1    520    603709.90126   8152966.61935      1085.05841 WS_7-3S_Horst_1 3
