INLINE-       1   1975    605726.79549   8152686.84652       651.39813 WSW_N-S_6 1
INLINE-       1   2021    605595.50953   8152745.46486       812.88276 WSW_N-S_6 1
INLINE-       1   2092    605393.30276   8152835.74889       982.09841 WSW_N-S_6 1
INLINE-       1   2154    605216.49553   8152914.69218      1088.23752 WSW_N-S_6 1
INLINE-       1   2014    605743.03775   8153021.82991       639.18744 WSW_N-S_6 2
INLINE-       1   2053    605631.87349   8153071.46399       756.45345 WSW_N-S_6 2
INLINE-       1   2122    605434.94452   8153159.39144       909.05100 WSW_N-S_6 2
INLINE-       1   2216    605167.09473   8153278.98455      1092.64493 WSW_N-S_6 2
INLINE-       1   2062    605733.88061   8153368.15409       641.42727 WSW_N-S_6 3
INLINE-       1   2096    605637.89012   8153411.01323       733.18811 WSW_N-S_6 3
INLINE-       1   2159    605456.13493   8153492.16576       892.43290 WSW_N-S_6 3
INLINE-       1   2214    605299.44942   8153562.12483      1008.61513 WSW_N-S_6 3
INLINE-       1   2273    605132.86799   8153636.50237      1099.29218 WSW_N-S_6 3
INLINE-       1   2126    605679.52965   8153734.65135       662.38053 WSW_N-S_6 4
INLINE-       1   2163    605573.31332   8153782.07613       800.67206 WSW_N-S_6 4
INLINE-       1   2228    605386.61007   8153865.43769       951.10203 WSW_N-S_6 4
INLINE-       1   2301    605179.45524   8153957.93073      1090.40510 WSW_N-S_6 4
